2.356194490192345 1.5707963267948966 1.5707963267948966 1.5707963267948966 
2.4740042147019623 1.5707963267948966 1.5707963267948966 1.5707963267948966 
2.356194490192345 1.6493361431346414 1.5707963267948966 1.5707963267948966 
2.356194490192345 1.5707963267948966 1.6493361431346414 1.5707963267948966 
2.356194490192345 1.5707963267948966 1.5707963267948966 1.6493361431346414 
2.415099352447154 1.6100662349647692 1.6100662349647692 1.4922565104551517 
2.444551783574558 1.511891464540088 1.6297011890497055 1.531526418625024 
2.4887304302656643 1.5609788497524288 1.5413438956674925 1.5118914645400876 
2.554998400302324 1.556070111231195 1.4873477719339183 1.4824390334126836 
2.5881323853206544 1.553615741970578 1.5781594345767482 1.467712817848981 
2.704101332884809 1.5450254495584188 1.5818409884676736 1.416171063376023 
2.673728513284672 1.4818254410975298 1.5247769031583278 1.5082099106491618 
2.758864447012326 1.564967199800932 1.4526798061277026 1.4572817484913587 
2.91602077873121 1.5915050674313536 1.3641691146667014 1.4201594134245266 
2.9504202978995457 1.516416707864352 1.408271062318414 1.342693383636301 
3.1886283394983375 1.48922689839908 1.3270084300801726 1.2286419120570038 
3.1862410818971902 1.497721317011996 1.4115499462525194 1.3041521163406742 
3.323767253221101 1.5799139251028946 1.317507336575206 1.176352341949952 
3.60322739378911 1.5341581544142433 1.1282764253196262 1.1484818285100555 
3.378445878563035 1.536874978200287 1.241667566106638 1.2154041372265474 
3.6225204978586225 1.4603634919257749 1.2846975248405665 1.042115840362562 
3.4458955680767693 1.4931488858021695 1.3045654222971002 1.136626733628053 
3.482127437782431 1.5518610267402195 1.183824431277039 1.074360446090104 
3.4081558488111208 1.5383260993081638 1.240755810020909 1.1318083636527465 
3.2602126708685004 1.5112562444440518 1.3546185675086493 1.2467041987780316 
3.2308060372693186 1.499897998673811 1.410182312123926 1.1787584559799726 
3.2390040546353625 1.4168510885566614 1.3806800294297181 1.2190133082715788 
3.1966224553424922 1.3353196702835453 1.4122663758569747 1.2403437914323923 
3.2919543288713937 1.4383061912718091 1.3565995294568092 1.1348160061902726 
3.0293008120604363 1.4289922026485113 1.432669728248213 1.2439881076213606 
3.3417468790726863 1.4771097150137549 1.3365914987848784 1.16346707712638 
3.299860763769572 1.4108489479468416 1.2902574317518631 1.1942106958426448 
3.167976864314647 1.4005068480734413 1.3406812115744031 1.22487388405437 
3.2114193680041567 1.4196575648085197 1.339658783377022 1.2095221823223725 
3.3324909181419047 1.3536049978928362 1.3565894569275336 1.1501391842564308 
3.37023566470496 1.3901480480255544 1.35240444040594 1.139567414958091 
3.2680364878487405 1.474472140007597 1.3333812585946316 1.193664528374863 
3.3163773105686136 1.3838217834215265 1.350787407344308 1.1610205202860389 
3.3046198596701615 1.403499568291108 1.3665422349178291 1.179290361614835 
3.265479191753378 1.4275786399142354 1.3686397794432636 1.1769146572309257 
3.269432409202467 1.4138500182517515 1.3354687305907906 1.2066120020571118 
3.2857474863886336 1.3852280432247488 1.3686347431786259 1.1845762462640048 
3.2839227131949342 1.3821357192478994 1.3570230896152182 1.2178313018728395 
3.270090072113767 1.4162179097476515 1.3657356069862523 1.1871438183914043 
3.280298327201495 1.3970482866583336 1.4053275766654223 1.1783998652137997 
3.2721488887022243 1.409649585353397 1.3529334421094485 1.1995589678462837 
3.271811957152762 1.4101753284238847 1.3736111321737736 1.1991518349432069 
3.254547063374565 1.4165344991521565 1.3732078182079852 1.2030785633314915 
3.262375770511998 1.401039565890705 1.374657386304172 1.201794777267792 
3.254218231918915 1.4153505534042066 1.3580743800102544 1.2128126551643454 
3.247414883028804 1.4284161688777492 1.3681292936066936 1.2152334035875194 
3.22578015932606 1.4284008265715022 1.3664346284535518 1.2259171302342609 
3.2027642604127102 1.437513575645311 1.362846376593441 1.2392997778797876 
3.239359871598647 1.4101523149645143 1.3710691344440613 1.215177424913319 
3.2454011301712646 1.4238502053994404 1.3688642538160356 1.2152194089189692 
3.241373624456186 1.4147182784428232 1.3703341742347193 1.2151914195818692 
3.2443942537424952 1.421567223660286 1.3692317339207065 1.215212411584694 
3.2323921069807113 1.4226259575640818 1.373557328941635 1.22246521925292 
3.2401636113503125 1.4224676628618294 1.3698212233307685 1.2144978467828762 
3.2399991956224876 1.4218756899878544 1.362254504231903 1.219364892699303 
3.2355906447486626 1.4261255159854713 1.3676494411347937 1.220568269576615 
3.233576891891123 1.4215595525071627 1.3683844013441355 1.2205542749080651 
3.2257105655598783 1.4247633504534714 1.365494208154844 1.2296529117643982 
3.229323827007487 1.4241894285555605 1.366575961948825 1.2258641455190178 
3.2290861331533858 1.425513392067792 1.3699959786975935 1.2241911747435905 
3.2361956513015997 1.4222508237759681 1.367905916586769 1.2209150559761115 
3.232984499435917 1.4220927550356222 1.3709708651428851 1.2215097470804925 
3.236277859165512 1.4225468102129555 1.3716892761362018 1.218481533017898 
3.229174648066163 1.4241386336642574 1.3752008078723885 1.2224087810713389 
3.2255408346525765 1.4246385589529216 1.3731732141910493 1.2268059280562729 
3.2251123619905013 1.4263655160889042 1.3749927997084481 1.2264258044815686 
3.232341790442804 1.424683190739596 1.3737002434189831 1.2209395617184362 
3.230424320586704 1.4233932569606274 1.3787296112731342 1.2219285085185412 
3.230960641934197 1.4243953270123473 1.3752891837987118 1.223470765914394 
3.2271029253032517 1.4237068380733846 1.3775842184419815 1.2262055873652757 
3.231032074157916 1.4244391025730432 1.3746712371747327 1.2222560681301462 
3.228752234485606 1.424495736826493 1.3742750643250417 1.2244455118672444 
3.231676374457454 1.4235106422882144 1.3744232563701733 1.222967992583657 
3.2314082137837077 1.4230096072623546 1.3761434701073845 1.2221968638857306 
3.232366948711758 1.423654574151839 1.373628786180309 1.221702390485678 
3.2307833775234376 1.4233822956141697 1.3743790684070119 1.2224370001621294 
3.23145312522395 1.4234785556197034 1.374412209379383 1.222835244478275 
3.2310739939173057 1.424117804818704 1.3717932243057995 1.223527319156328 
3.2313246588171074 1.423286656651442 1.3750559086569882 1.22252947770338 
3.2305721707331587 1.4235608471952874 1.3739161966333384 1.2234553655600822 
3.231922616102331 1.4230522565918926 1.373984769160509 1.2226502318655976 
3.2323795278462346 1.4231402658579604 1.373593057560972 1.222083804869299 
3.2319001603822093 1.4228177824132182 1.3748503995245098 1.2223310415693254 
3.2337250349225846 1.4222572840182894 1.374076580960474 1.221309783218489 
3.2325904313476834 1.422236374435781 1.3746414817325916 1.2222943330838667 
3.232537705472321 1.4224623472913258 1.374379375689687 1.222241701030225 
3.2333548877765823 1.4220294290515654 1.3744470733976437 1.221523640669882 
3.2322806840208935 1.4227965497068107 1.3741003452197926 1.2223685840666687 
3.2329968198580197 1.4222851359366473 1.37433149733836 1.2218052884688109 
3.2324597179801753 1.4226686962642698 1.3741581332494346 1.2222277601672042 
3.232700804660519 1.4227225128386038 1.3739418456483399 1.2219252010737445 
3.2310013600792233 1.4231601905217972 1.3741772727214858 1.223164827813108 
3.2330441162117443 1.4224830106441664 1.374101753900727 1.2217735443671436 
3.232546455820615 1.4226742352013428 1.3737495872949874 1.2221952101633322 
3.2324259124804433 1.4226473269141757 1.3738577310955349 1.2223464897100622 
