2.356194490192345 1.5707963267948966 1.5707963267948966 1.5707963267948966 
2.4740042147019623 1.5707963267948966 1.5707963267948966 1.5707963267948966 
2.356194490192345 1.6493361431346414 1.5707963267948966 1.5707963267948966 
2.356194490192345 1.5707963267948966 1.6493361431346414 1.5707963267948966 
2.356194490192345 1.5707963267948966 1.5707963267948966 1.6493361431346414 
2.415099352447154 1.6100662349647692 1.6100662349647692 1.4922565104551517 
2.444551783574558 1.511891464540088 1.6297011890497055 1.531526418625024 
2.4887304302656643 1.5609788497524288 1.5413438956674925 1.5118914645400876 
2.554998400302325 1.556070111231195 1.6051574964435353 1.4824390334126836 
2.654400355357315 1.5487070034493442 1.6223380812678547 1.438260386721577 
2.615744039502596 1.4861205873036099 1.5720235114252055 1.5339807878856409 
2.7160663830303173 1.4241477634730302 1.5530021496554234 1.5548429266008856 
2.722048908103072 1.5404235071947618 1.514039037643128 1.5063691337036995 
2.860797470367329 1.5546895285220987 1.456207961939839 1.493790491243037 
2.8639037814627972 1.488191461367256 1.5598283641615143 1.5169536011401106 
3.073579780406916 1.437071551610968 1.5248919517174193 1.4311273760579084 
3.373367563259392 1.3702091640190037 1.5019397641786805 1.3612929006894143 
3.1027733522763645 1.4033431490373323 1.4246271324692432 1.5600968107993936 
3.234460809226386 1.5175000817957973 1.4297755554885843 1.446141213019339 
3.2719019246757 1.4681106941158424 1.3579229366460286 1.4486243444197284 
3.4805604629253555 1.3583232097578715 1.4124008262207992 1.4492043809051474 
3.325619714785849 1.4074147894489282 1.423352610150559 1.46035090848962 
3.350007762271061 1.5117054094484357 1.4433443945320525 1.3330251101939048 
3.4736249672684085 1.5658865396539872 1.4527030255634577 1.2194892598911604 
3.219932108669406 1.468735222036222 1.552759319298279 1.3866979594606574 
3.2501088738402304 1.3949634044764796 1.5423985823605708 1.3594594640817066 
3.2579329061471523 1.333695065816821 1.598710095796564 1.3161185896128904 
3.503166465529818 1.4237036917642358 1.484191258171308 1.3169689078206277 
3.1809764516876413 1.433729586649285 1.5147167783308915 1.4025877589985882 
3.178804899601781 1.4665178525264535 1.6314126838283345 1.2588638006434003 
3.1053974920097467 1.4960693840652164 1.7354427206672227 1.1581202467202907 
3.2272251973883943 1.4188645009536573 1.5933476753650866 1.2182278933021795 
3.035758261345406 1.3294738592940543 1.7777642405478296 1.2145021341230695 
3.0167457950684415 1.5053735996642859 1.711925611658951 1.1806004269591734 
3.0770425728381197 1.4624539662024194 1.6836217326933545 1.2144799676226028 
3.2595625956165453 1.576084859641235 1.4858002129804482 1.2822057991987612 
3.0842643586876326 1.5653043973254208 1.6164430469708715 1.3104689929679418 
3.1914849877132037 1.4554744750465982 1.5991215182665328 1.24128816821862 
3.0178881565078104 1.3477788463405247 1.7806511619985526 1.22603227158129 
3.1991439858393615 1.5190083563160575 1.5595129502349743 1.2681624172943935 
3.148441239861475 1.4757719295559073 1.6672821194668779 1.1997042074694555 
3.091220032423933 1.479261675133818 1.7095322266802886 1.1863001071714467 
3.143186971848694 1.4648994853572508 1.625079749499057 1.2803540028594393 
3.182480043813146 1.5360771218532256 1.6106214668238354 1.220163022959526 
3.120582432205456 1.5286905699468334 1.7363595173200554 1.1017897893009203 
3.1013987603646664 1.544277445943639 1.7286958462788236 1.1334823756066363 
3.136680619987273 1.4928983086528402 1.6826355511698643 1.1831487495037507 
3.1813502615838787 1.54760601712524 1.6729974013102007 1.145310797070797 
3.1137525897139193 1.4963477606316733 1.7003985203377665 1.1760527796462843 
3.12103905599851 1.4944838463590284 1.7090391359185435 1.1706344981120207 
3.1286315260963646 1.5107944392998367 1.7094975342449599 1.1424692694023355 
3.1595803319002096 1.514487715253033 1.6466285089968498 1.2016558862316384 
3.113950326205603 1.486079991893329 1.6960838889250764 1.1847244283375988 
3.1590154407855753 1.5202521628890397 1.6778164762400323 1.1642297732872735 
3.1477491621405824 1.511709120140112 1.682383329411293 1.1693534370498548 
3.1652817640637054 1.5204609453138827 1.6515333259929401 1.1776791729817688 
3.132099733014809 1.500978121097742 1.6946626834371425 1.1723956668294577 
3.1542210870474063 1.513966670575169 1.665909778474341 1.1759180042643318 
3.124060865735604 1.500196554080946 1.7235845876533795 1.1337888438784978 
3.1527243413590686 1.498590887424697 1.6677590891094793 1.188635247945882 
3.1346547299120404 1.5077435513310518 1.6990629229610898 1.154010764038222 
3.12705948920058 1.4956934221798914 1.703213090718044 1.1540797437925463 
3.132231907435581 1.4996973466699468 1.6980056503913563 1.1578981671068735 
3.135667674949657 1.500320929991946 1.690849237065477 1.1685797567709864 
3.1444379084797234 1.5108551109531105 1.6824863507177155 1.164964384151277 
3.1293577978238223 1.503970052705999 1.7113237553072347 1.1438998039583599 
3.141201946026311 1.509726335735582 1.6907231261861915 1.1616821005440383 
3.1260031658761918 1.500025323929179 1.713493170042281 1.1491218285045268 
3.1216397382545447 1.4963035932435058 1.71664141650185 1.1461239760920092 
3.1363113940833696 1.5063706501125629 1.697202698765106 1.157792569431031 
3.1265302901974863 1.4996592788665248 1.7101618439229354 1.1500135072050166 
3.1338661181118987 1.5046928073010535 1.7004424850545634 1.1558478038745275 
3.12627323091232 1.5078949376416952 1.7213119296171073 1.1328603434168316 
3.1333190639403226 1.5022144319043833 1.6984649102033846 1.1596499034324477 
3.13426042401197 1.5062181793160527 1.6997527040078266 1.1549292839563747 
3.130328947894116 1.5038844376301155 1.7062780465016854 1.1515662962713744 
3.1320062638679316 1.5058568020185255 1.7051933391341623 1.148955283998291 
3.1351612024308486 1.5040322406614988 1.6949560800132835 1.161295260404604 
3.1318151480404985 1.5045403365045429 1.702992490297284 1.1529845183998708 
3.1364897242315437 1.5072020276276938 1.6948243697012244 1.1570566171491197 
3.1349495301471872 1.5063726301282991 1.6976877889013395 1.1556840369296832 
3.1365707151385056 1.5074622755651443 1.6954575752076535 1.1569881542855291 
3.133929417101984 1.5096853888600115 1.703744733088839 1.1465238592212588 
3.1342373634342 1.5082721018103833 1.70154756981995 1.150216709517095 
3.133330496889986 1.5068001766747887 1.7021281310476262 1.1514830240182565 
3.135612722525273 1.507602913448098 1.6972602490843718 1.1554994591618755 
3.134802130029614 1.5070580907296756 1.6983753559312147 1.1548474004839526 
3.1349079661714443 1.5058878959962754 1.6970095014871867 1.157653012221413 
3.1366582774292002 1.5073460490777615 1.6937258836843054 1.159522293934475 
3.1348988292458766 1.506414880119284 1.6968265829475264 1.1575172761771557 
3.132973550250288 1.5062061600103824 1.701911297979203 1.1524919325258969 
3.135737095634472 1.5070610768109167 1.69577223725803 1.1577647035823304 
3.1347767795789583 1.507079215725168 1.6979447529543081 1.1557640201076889 
3.134728429970827 1.5074008210303638 1.6987191394461523 1.1544290822610872 
3.1347813480417424 1.5068157236636637 1.6980362122241384 1.1558318881298175 
3.1356565036706203 1.5075448002044065 1.6963944033226976 1.1567665289863485 
3.135206250630854 1.5071908244317815 1.6970000062849644 1.1567575183699512 
3.1353657838544935 1.5079634721825403 1.6971648305373916 1.155817527621288 
3.13492745699493 1.5071026607933828 1.6978183668024518 1.1558282980026853 
3.1348014844474203 1.5075442895952231 1.6986102167353094 1.154427287197521 
