2.356194490192345 1.5707963267948966 1.5707963267948966 1.5707963267948966 
2.4740042147019623 1.5707963267948966 1.5707963267948966 1.5707963267948966 
2.356194490192345 1.6493361431346414 1.5707963267948966 1.5707963267948966 
2.356194490192345 1.5707963267948966 1.6493361431346414 1.5707963267948966 
2.356194490192345 1.5707963267948966 1.5707963267948966 1.6493361431346414 
2.415099352447154 1.6100662349647692 1.6100662349647692 1.4922565104551517 
2.444551783574558 1.6297011890497055 1.511891464540088 1.531526418625024 
2.4887304302656643 1.5413438956674925 1.5609788497524288 1.5118914645400876 
2.554998400302324 1.4873477719339183 1.556070111231195 1.4824390334126836 
2.5881323853206544 1.5781594345767482 1.553615741970578 1.467712817848981 
2.704101332884809 1.5818409884676736 1.5450254495584188 1.416171063376023 
2.673728513284672 1.5247769031583278 1.4818254410975298 1.5082099106491618 
2.758864447012326 1.4526798061277026 1.564967199800932 1.4572817484913587 
2.91602077873121 1.3641691146667014 1.5915050674313536 1.4201594134245266 
2.9504202978995457 1.408271062318414 1.516416707864352 1.342693383636301 
3.1886283394983375 1.3270084300801726 1.48922689839908 1.2286419120570038 
3.1862410818971902 1.4115499462525194 1.497721317011996 1.3041521163406742 
3.323767253221101 1.317507336575206 1.5799139251028946 1.176352341949952 
3.60322739378911 1.1282764253196262 1.5341581544142433 1.1484818285100555 
3.378445878563035 1.241667566106638 1.536874978200287 1.2154041372265474 
3.6225204978586225 1.2846975248405665 1.4603634919257749 1.042115840362562 
3.4458955680767693 1.3045654222971002 1.4931488858021695 1.136626733628053 
3.482127437782432 1.183824431277039 1.551861026740219 1.074360446090104 
3.4081558488111217 1.240755810020909 1.5383260993081633 1.1318083636527465 
3.2602126708685004 1.3546185675086493 1.5112562444440518 1.2467041987780316 
3.371170054325466 1.2692214993928441 1.5315586355921353 1.1605323224340678 
3.185110194727201 1.27313699378033 1.575638332845029 1.2538386232057324 
3.054717508052417 1.2574227795219448 1.6168830563664587 1.312444567994572 
3.2379099803359184 1.2380099081047864 1.486735497415371 1.2528561555117235 
3.123877142236779 1.2706899496431194 1.5126792178377477 1.3148380915664357 
3.3093468263032944 1.269588611955413 1.5268387811535384 1.1991087647171597 
3.281778036645118 1.257402279943484 1.556256655522658 1.2346213802161399 
3.186869267112769 1.3000727119302513 1.5324326156220545 1.241240267631368 
3.2115100875315594 1.2555734509425582 1.5311869151302 1.253347389358728 
3.2781401245263337 1.2711792465865872 1.5535984842185822 1.2071854728199 
3.15449366848199 1.2719134717117244 1.5441587753413883 1.2843383573860843 
3.087213572281642 1.2929460342389476 1.535451663946678 1.2817609385748165 
3.233136920554249 1.2662882185173499 1.5510554076286631 1.2464062698058092 
3.1983101411293804 1.264355222361444 1.5534126239876145 1.2535930062822302 
3.183001878006775 1.2637434613271412 1.5376728452357942 1.2688428733724062 
3.199189677322164 1.2778230814364049 1.5318097653761273 1.247293828495048 
3.246644062088339 1.2564878654430212 1.543721785326429 1.243984384787434 
3.244825106028947 1.2633763487645728 1.542392699674391 1.2302664310893139 
3.275736720040033 1.2631927924832889 1.5447526268936893 1.2109782099477675 
3.252774325356124 1.2622751509318344 1.521142958765959 1.233853010583032 
3.278687113180321 1.2410333266045885 1.5374124140723624 1.233431779414206 
3.2190640362867033 1.2686256427284508 1.533210427550186 1.2438283162248376 
3.217442715513328 1.2684374312406872 1.5202447152339391 1.2366631888405222 
3.239343725444586 1.2594752568924377 1.5378525178033065 1.2421540858007059 
3.255162585893905 1.2517244610372507 1.5330771181367424 1.2359821421910522 
3.2280886736885037 1.2644003473056507 1.5331771001968253 1.2418667727163912 
3.271005827727521 1.2691901010046898 1.5360957230900412 1.2207227607359938 
3.22638402258055 1.2589776134580912 1.5324141171201604 1.2451912322030445 
3.216546438515169 1.2608396322785418 1.5517752586313824 1.2458862503216954 
3.243717353645885 1.2619162712685112 1.5288010337323148 1.236861320517698 
3.227236348134527 1.261688980381871 1.5327956086584928 1.2435290024597179 
3.232863874012568 1.2592264351752644 1.5351333174617334 1.2436726590018752 
3.235604564304748 1.261176981111332 1.5374034083972759 1.2377288316461792 
3.2395791739683366 1.2606263821949628 1.5267785379430596 1.2395221213930383 
3.239979469298575 1.2583147255879543 1.5330690818026216 1.2395284196623506 
3.237909741063537 1.2603214160009057 1.5296992551698252 1.2373126434504311 
3.2297592816600105 1.262236470794692 1.530078577512539 1.240348994683996 
3.237424422388934 1.2592951618896389 1.5323214557301008 1.239733563417762 
3.2323143285696516 1.2612560344930075 1.5308262035850597 1.2401438509285847 
3.232489068786289 1.2594137419621516 1.522455648511777 1.24335609234137 
3.2348256904251333 1.2607361713240368 1.5336664684259012 1.2391356468199768 
3.2286418667082986 1.2604766847341435 1.5321434083672654 1.2446837822218908 
3.2355927724747273 1.2603602331842152 1.5303102934691852 1.2391554281432962 
3.224979233056694 1.2600386440347127 1.5368300033570939 1.2422909576544128 
3.2285765306989007 1.2588002965075207 1.5357842376011104 1.2427427814817804 
3.231379879101964 1.2606420999966357 1.5320657120890724 1.2407935835668837 
3.239111949234492 1.2603194149467771 1.5273982921950657 1.239846987712188 
3.2285124121011437 1.2601088367627287 1.5344720755665868 1.2416799651688566 
3.2288819508412567 1.2598098567273635 1.5322399146046164 1.2429924078849641 
3.2309883975276383 1.2596689233211533 1.531362205294673 1.2421733301731703 
3.2306048565028416 1.259856892391064 1.5330402927730309 1.2421634395115106 
3.2256816278186218 1.2595081287464018 1.5346220602386271 1.2437410949287286 
3.225363142881191 1.2591253687354407 1.5322788558560076 1.2448855930834435 
3.222166974533171 1.259041560512495 1.534415268615033 1.2462318338769203 
3.2287830417790215 1.2595120826189887 1.532125471124763 1.2431879560991077 
3.2290244512223873 1.2592043320235402 1.5299071191141467 1.2443874997065512 
3.2265173336695634 1.2594321795656864 1.533443324957507 1.2439026961231843 
3.2275835321797857 1.25924484803854 1.5322697941224617 1.244189594151076 
3.227632986710903 1.2593937350927273 1.5323270158623883 1.2440918200440043 
3.2258735827308707 1.2590514910967658 1.532346486488084 1.245038412643244 
3.226032825199586 1.2592428711022465 1.5335180886793938 1.2444661635658867 
3.2279431006045423 1.2593780427490366 1.532918021404118 1.2439309923387616 
3.227425721136125 1.259296404835969 1.5327751376751095 1.244207847414882 
3.2270085046457266 1.2591856742754093 1.5323705664912743 1.2446415261235244 
3.2262084238900677 1.259110242280169 1.5329661028997772 1.2448286978844656 
3.226983777380168 1.2591112307483157 1.5323419556213111 1.2446904131770604 
3.22612880265571 1.2590145522774285 1.5323803018041222 1.2451148224231443 
3.2258440086075213 1.258921145106593 1.5326806722314112 1.2452710567203331 
3.2261351326170726 1.2589872773987971 1.5326031457963771 1.245113674071131 
3.226683899980359 1.2590444221032033 1.5323780363707358 1.2449408226900525 
3.22625641261813 1.25899608286776 1.5323972094621414 1.2451530273130944 
3.226296223235309 1.25904392786913 1.5326901100099688 1.2450099650437552 
3.226696263613138 1.2590816438667503 1.5323923418057173 1.2449163791632845 
3.2267140761607784 1.2590059532787725 1.5321007423694084 1.2450907656409829 
3.2263414875059384 1.2589862246324834 1.532274169007978 1.2452348794701507 
