2.356194490192345 1.5707963267948966 1.5707963267948966 1.5707963267948966 
2.4740042147019623 1.5707963267948966 1.5707963267948966 1.5707963267948966 
2.356194490192345 1.6493361431346414 1.5707963267948966 1.5707963267948966 
2.356194490192345 1.5707963267948966 1.6493361431346414 1.5707963267948966 
2.356194490192345 1.5707963267948966 1.5707963267948966 1.6493361431346414 
2.415099352447154 1.6100662349647692 1.4922565104551517 1.6100662349647692 
2.444551783574558 1.511891464540088 1.531526418625024 1.6297011890497055 
2.4887304302656643 1.5609788497524288 1.5118914645400876 1.5413438956674925 
2.554998400302324 1.556070111231195 1.4824390334126836 1.4873477719339183 
2.5881323853206544 1.553615741970578 1.467712817848981 1.5781594345767482 
2.615744039502596 1.4861205873036099 1.5339807878856409 1.5229361262128651 
2.7160663830303173 1.4241477634730302 1.5548429266008856 1.4793710718369129 
2.722048908103071 1.5404235071947618 1.5063691337036995 1.4281361135215325 
2.860797470367327 1.5546895285220987 1.493790491243037 1.3273535757574457 
2.885993104808349 1.4734652458035544 1.4285963077578971 1.365319600257616 
3.0919875498615417 1.4247997053078834 1.357496298239397 1.262581236988976 
3.0237925164601007 1.4262378122965256 1.4765715568990205 1.2001673936818782 
3.241622582029825 1.3625488474594993 1.4810009264240405 1.0111713732344434 
3.4002385923421805 1.3270228111500608 1.4611262878409965 1.0528908569749706 
3.5812567142701193 1.4103826827467412 1.34186407527285 0.847627449641005 
3.796755248884505 1.2076874948099938 1.326953302645605 0.759781882662252 
3.0947869149966216 1.4679390200940725 1.452081194093679 1.1854606524836473 
2.8330611053449646 1.3807725092590166 1.5339882780262069 1.4084246102000137 
3.3942078120388306 1.40298013937481 1.3898951259611891 0.9878267397807572 
3.473440400842187 1.3554457037313377 1.5345554689205558 0.8560935742479332 
3.3780771880970257 1.372784204125474 1.4902906762502663 0.9577154899331939 
3.1631548266939955 1.3621673020397431 1.5523544163433023 1.1157924465323705 
3.4967596795848914 1.2443225622933158 1.5403049593356237 0.8833244308538417 
3.396266488437824 1.3002266767435051 1.5182490180251376 0.9588584862612931 
3.544947598759432 1.3191239676995268 1.4229790379269183 0.87452565666958 
3.2586030197103546 1.3514064684546891 1.5200105717392063 1.0554757490666729 
3.237046046795334 1.366460287241523 1.543649308378329 0.9387196922728309 
3.188691880389644 1.3175369358241342 1.5411642360330902 1.0243971604844262 
3.30554593848849 1.299399176999391 1.4865630677324084 1.0862316922505868 
3.254171019718623 1.3496950096809899 1.5293777482168487 0.9755976922672699 
3.2817729655776033 1.3135972663993751 1.5148853926103523 0.9295366070570434 
3.2759804791107907 1.3230495669132036 1.5161666873925657 0.9610213925594507 
3.2478968008742237 1.3561219285702446 1.5051893373204446 0.9933845327508566 
3.2151572312097345 1.3400428916418168 1.5110825812285653 1.0177842668594348 
3.3189445352338245 1.3313877621015022 1.4996249722245891 0.9850149297478683 
3.25011280087009 1.3569776579570942 1.5005057490816234 1.0333235611505582 
3.314131128294247 1.3634752064023532 1.4820779112967837 0.9936629315824286 
3.2893876540231193 1.3576171277122189 1.4893290787797293 0.9996932654016801 
3.2988129852104064 1.3468601749646383 1.4870664082927783 0.961308489416866 
3.26425079765102 1.3408422288357236 1.4971117433511967 0.9757463971733371 
3.2073470476489137 1.3717988278135502 1.485559235469641 0.9857904665398831 
3.1817456288915844 1.3687957413748704 1.4973642129898832 1.021737895432394 
3.2604108570744126 1.342355545306619 1.5047738745731416 1.0152296327556323 
3.2206130000052884 1.3644380071868174 1.4903628952455161 0.9931502580938204 
3.1816882082494407 1.3851100334599922 1.4898469426387455 1.0339756325824199 
3.243610150300625 1.3519091799917908 1.4952955431730839 0.9903037060256078 
3.2116841054607046 1.3656722944171849 1.4891825697069618 1.0164546343334186 
3.2447596914520243 1.359335388014872 1.4930951318722425 1.00227795299265 
3.2311177910175566 1.3634934273231583 1.4856819108347783 1.002160815664132 
3.252936689840422 1.3516955381476115 1.4890563348876187 0.9934588852038903 
3.2239208927222305 1.3623696656588549 1.479365739054457 1.0093449012252922 
3.239549991769576 1.3600939574258677 1.489662783667796 1.0040446900508107 
3.226653343745265 1.364110570938342 1.4850917480655013 1.013813003783931 
3.2472796359351235 1.3571221928035553 1.4850286306558296 1.0023151292191668 
3.2363701865236907 1.3630211373913288 1.4833414186294094 1.0066660944492876 
3.2431911367409247 1.3609421177371857 1.4870480291481414 1.0067246631135467 
3.2266389885847286 1.368189143959623 1.4832124304777166 1.0168724380714376 
3.2224514137008287 1.3679927321372107 1.4792752326501928 1.017536791656003 
3.2276363444608527 1.3662300785372046 1.4812184317746802 1.0148337595203891 
3.2249054428866444 1.367518183056006 1.48192034974156 1.0216791928558129 
3.2335040006144293 1.364145398807498 1.482986151407447 1.010419369050919 
3.2341307853072765 1.3653689957095612 1.4821066784508785 1.0140219056529405 
3.234137962887545 1.3633297091989207 1.4830463372447709 1.0124921885091873 
3.234629463245339 1.364389462998352 1.4811096790993603 1.0130025663774163 
3.2389963842767577 1.362784992425414 1.482171172526725 1.0089187338418655 
3.2398143940053625 1.3626268093983456 1.4830528782238472 1.0102995342418022 
3.235925695935345 1.3639487995983504 1.481595478880482 1.0123268083435129 
3.2385181613153566 1.3630674727983472 1.4825670784427256 1.0109752922757056 
3.2378700449703537 1.3632878044983479 1.4823241785521646 1.0113131712926573 
3.242182701774964 1.36060668108153 1.4821646289229715 1.007925827786136 
3.246208660008808 1.3582255237675147 1.4821936041590185 1.0048777888527338 
3.238910261554586 1.3621015286937348 1.4820968630452485 1.0125325465693464 
3.238931792235129 1.3622723946266544 1.4821154404156178 1.0116290933874763 
3.2419026419023944 1.3615777642705147 1.481582777673506 1.0095486005102896 
3.2381603323312547 1.3619681951402254 1.482605483083871 1.0102090081476618 
3.240026373372659 1.361947242789939 1.482244403737568 1.0096194995393968 
3.2405895430258607 1.361695836753472 1.4821679007248483 1.0084222808140009 
3.2413912361445774 1.360976995832932 1.4820159914650302 1.0084333590896475 
3.2392592647359337 1.3610460901335648 1.4828942244248546 1.0079466374084336 
3.243551040509413 1.360194606760524 1.4820158896849813 1.0061550444014475 
3.239508009375794 1.3615247980453 1.4824580847341486 1.0091955172111082 
3.2417869689597705 1.360791838457231 1.4820903101940008 1.0081795934378919 
3.2413861224004124 1.361151258917501 1.4821662648239098 1.0081740543000683 
3.240720983255449 1.3608263856075475 1.482529426673913 1.007936232597285 
3.2401715170531094 1.3612874381108777 1.4823850560034213 1.0090674179668988 
3.240443693282197 1.361144043401497 1.4825323780181072 1.0083721728873023 
3.2403733252824476 1.360781015183225 1.4826394799852967 1.0084767713187426 
3.2416888347444197 1.360391624526022 1.4825479007967233 1.007288084327834 
3.241309505321592 1.3606155779222358 1.482507189598398 1.0077329177376002 
3.2414518425152066 1.3607165333445388 1.4823470277984423 1.0079310301917106 
3.2412780135287056 1.3606938481323776 1.482402054454134 1.0082012995524394 
3.2413131975285805 1.3608753622415135 1.4823485034705395 1.008149000336719 
3.2411771094140365 1.3609470595962039 1.4822748424631964 1.0084966228765175 
3.2417844120876884 1.3608789699995154 1.4821654468734407 1.0080499410431019 
3.2421889675391826 1.360591713737345 1.4822379610695005 1.0075312768023164 
