2.356194490192345 1.5707963267948966 1.5707963267948966 1.5707963267948966 
2.4740042147019623 1.5707963267948966 1.5707963267948966 1.5707963267948966 
2.356194490192345 1.6493361431346414 1.5707963267948966 1.5707963267948966 
2.356194490192345 1.5707963267948966 1.6493361431346414 1.5707963267948966 
2.356194490192345 1.5707963267948966 1.5707963267948966 1.6493361431346414 
2.415099352447154 1.6100662349647692 1.6100662349647692 1.4922565104551517 
2.444551783574558 1.511891464540088 1.6297011890497055 1.531526418625024 
2.4887304302656643 1.5609788497524288 1.5413438956674925 1.5118914645400876 
2.554998400302324 1.556070111231195 1.4873477719339183 1.4824390334126836 
2.5881323853206544 1.553615741970578 1.5781594345767482 1.467712817848981 
2.615744039502596 1.4861205873036099 1.5229361262128651 1.5339807878856409 
2.7160663830303173 1.4241477634730302 1.4793710718369129 1.5548429266008856 
2.722048908103071 1.5404235071947618 1.4281361135215325 1.5063691337036995 
2.816618823676221 1.4663322351398858 1.4157108691396592 1.4348856289882286 
2.987926128163351 1.4141001893123804 1.3381681403120407 1.3669302800848948 
2.9023875244788773 1.4137550436351054 1.2883521142254541 1.4875778690521004 
3.109216071585484 1.3401431405764441 1.2796659480140518 1.4754210713081068 
3.135749145525944 1.2556495613037182 1.264642523672697 1.4360169398192943 
3.351573051846511 1.2876762039407939 1.106043291275209 1.3281301535313124 
3.3898446740817674 1.235029503931563 1.2059078374115448 1.3156713533197038 
3.3233304282233025 1.2560845886677834 1.177714948321694 1.2479532920694956 
3.390587995631522 1.3407956816225424 1.149274584987547 1.193325599683409 
3.3268782831051276 1.3195091515428363 1.1781165696588345 1.2539984347173803 
3.1050092715873783 1.403655562800334 1.1941136373723444 1.282834726881838 
3.0199990036930675 1.408998542220873 1.3380133565572478 1.2477282133454923 
3.2686795398081503 1.3180067885108135 1.1640358075957187 1.3080296684848574 
3.1574022056342392 1.3668046704276082 1.2581423549854376 1.3104643574011376 
3.1556282781933267 1.3350923889900819 1.2579415443168673 1.3074417860771952 
3.0464676998753646 1.4088778760563572 1.2661408888421926 1.3248825034833664 
3.169749590004931 1.350888196626587 1.2221057157936248 1.3475302168081036 
3.003962565928209 1.411549365766627 1.3380907484346447 1.3073292467151936 
3.1283028339857504 1.366053488911597 1.2511019739538798 1.337479974284876 
3.004421155636025 1.4428257233638893 1.298835134729908 1.3624367715499424 
3.1178264975540015 1.3620257225835337 1.2681649419201275 1.321190532445382 
3.0422229362753503 1.4158923897704374 1.288611737126648 1.3486880251817555 
3.0989256072343387 1.3754923893802595 1.2732766407217575 1.3280649056294753 
3.1398106876334744 1.3523474929595651 1.2942036661443652 1.3465872552168252 
3.10779532047407 1.3741605314253156 1.297531426976104 1.3526660278643914 
3.1011430355442715 1.3751594248915235 1.279340337285344 1.3342151861882043 
3.148606446633857 1.3595760816935867 1.2761730105649014 1.3285258063089813 
3.1428525198099946 1.3664290796696026 1.2546221644696587 1.3239721658430068 
3.072664166898795 1.3904524298699943 1.2981552476487392 1.3386973187430162 
3.128163906434289 1.3711485299039339 1.2657094978535977 1.3192646315153065 
3.215848372357394 1.3415267509773712 1.2291682662880583 1.3024161617912 
3.2041908657834535 1.3460197614801506 1.2433434003004304 1.3134246141568562 
3.185184125946163 1.3523019535860965 1.2489349246887222 1.3148846184964689 
3.153004326134048 1.3631903760605975 1.2671576827751694 1.3194950818550595 
3.1822274094956255 1.3505514163354788 1.2526706384264799 1.3154709840500907 
3.145729483221926 1.3630025806815946 1.26539758751728 1.326248986075994 
3.138385176534073 1.3653623057987603 1.2709412542092495 1.3238952189121438 
3.154469931808693 1.3560558161941125 1.265433562583786 1.3275754158185453 
3.166114999014198 1.3527702293293742 1.2672116453749285 1.3214847264688865 
