2.356194490192345 1.5707963267948966 1.5707963267948966 1.5707963267948966 
2.4740042147019623 1.5707963267948966 1.5707963267948966 1.5707963267948966 
2.356194490192345 1.6493361431346414 1.5707963267948966 1.5707963267948966 
2.356194490192345 1.5707963267948966 1.6493361431346414 1.5707963267948966 
2.356194490192345 1.5707963267948966 1.5707963267948966 1.6493361431346414 
2.415099352447154 1.4922565104551517 1.6100662349647692 1.6100662349647692 
2.444551783574558 1.531526418625024 1.6297011890497055 1.511891464540088 
2.4887304302656643 1.5118914645400876 1.6591536201771095 1.5609788497524288 
2.554998400302325 1.4824390334126836 1.585522542358599 1.556070111231195 
2.654400355357315 1.438260386721577 1.553615741970578 1.5487070034493442 
2.615744039502596 1.5339807878856409 1.5965672040313756 1.4861205873036099 
2.671887736339211 1.4959380643460771 1.5603652574372742 1.5714099191100517 
2.7855557127215373 1.4781438872066035 1.525697291631058 1.6011691463950335 
2.7761217308760404 1.4986992297642714 1.4641846620368444 1.5424176822190132 
2.9419067045267817 1.4037458189941496 1.4992361230400313 1.5184108828886038 
3.175857949439192 1.3202205650937762 1.4634560211625987 1.4922181609354572 
3.0802238346944453 1.3336812465074734 1.406909654369164 1.6061354091958142 
3.31246373229037 1.2335314758183902 1.3120808795380583 1.666142820141916 
3.254479258508292 1.377112077564485 1.3765080726292545 1.5722631959233149 
3.55451871008378 1.3465379229859389 1.2879542379585924 1.5840412921603004 
3.3719366468056924 1.2558796584218976 1.422100857859193 1.5934752740057965 
3.6556931320022734 1.1653028865872126 1.3087900113790467 1.5308768736351577 
3.0030900675417214 1.3999336370517557 1.4714704715680553 1.5835960782050647 
2.8848889082861326 1.4595941046868477 1.4370712520053432 1.5336311481240288 
3.2501747121758022 1.3068082699881352 1.4258434563957305 1.5785142425353547 
3.377277809867144 1.2689774425251792 1.3648881307103187 1.5409694260899056 
3.096637003123077 1.3671945884201115 1.4448248863536213 1.572939415176275 
3.164899454811617 1.3721775261463263 1.3635870137112862 1.6727079704799221 
3.1594202074978295 1.3981560066726013 1.31365250998563 1.7629528752521546 
3.04520543973602 1.4312636895942004 1.345104105273104 1.6786312052384247 
3.197647119738164 1.4531819346182258 1.3331351327516412 1.68725793659927 
2.9949756265392544 1.4477860320880844 1.3418502445527438 1.778627520209747 
3.1019871936325574 1.4979992430664442 1.2220461099279385 1.880795353473523 
3.1046622888872974 1.5634015703896105 1.110656721715097 2.0347233226221464 
2.954484661592037 1.4671217147540223 1.2224966580116465 1.9402095250619666 
3.015275276128569 1.4636367697200734 1.2501562766966452 1.8769716279462925 
3.1673059795856027 1.4804429861001585 1.1679345622824946 1.898011995319762 
3.1781264363136295 1.5215549768470211 1.0760959300668294 2.107698705331753 
3.07326478295972 1.61636214485583 0.9887692353949031 2.1957499503578224 
3.0301870706906655 1.7254652139474445 0.8263275980995397 2.412148487910656 
3.018358412559005 1.6020347448061094 1.0449045196542426 2.209559807809245 
3.171930684231257 1.6880399487292121 0.8600569267188907 2.3968942651141907 
3.2502583882826013 1.8002415382337813 0.6650072517300134 2.65685558369814 
3.0059816480050108 1.7133642275433605 0.9260977716747374 2.3107649676199493 
3.159561289482638 1.6885492009528975 0.8978858080975716 2.2595064450478093 
3.100706913452016 1.7897561906510395 0.7257481492279543 2.5467344914477392 
3.1458254846257407 1.823492639082425 0.7161250924646738 2.5612001342570223 
3.182105835458751 1.9270578861957226 0.579803020999559 2.7439252262066223 
3.07080125109088 1.87055992560677 0.6479671262129991 2.7396530301464415 
3.2567906941114417 1.9243427480480118 0.48068983990496417 2.902838538837548 
3.2401073189941494 1.9152440636388186 0.5585103076902522 2.844921038704663 
3.354666015306919 1.8567823976991127 0.5915629214438338 2.7046365042850704 
3.14176744214489 1.8671155436298557 0.6338660750207078 2.7308988986810987 
3.2384549611233586 2.128840172026992 0.2663776950888508 3.141592653589793 
3.2717170995694094 2.3492402836758823 -0.030461920726169156 3.141592653589793 
3.1444270847491333 1.9947860846976826 0.5385887094947206 2.8278303697535403 
3.0882452800679783 2.0300077530225176 0.5675381442895988 2.7903262852115365 
3.113270342743917 2.043655779636308 0.45080744261166683 2.8772025354108646 
3.19736166989269 2.1800544176484973 0.28392235907669083 3.0643764937993114 
3.164651193795798 2.246610340809018 0.19004508213640547 3.141592653589793 
3.1559238729643226 2.406386568115666 -0.004833887295171202 3.141592653589793 
3.1330401213134134 2.026891770936503 0.438987105589131 2.929732612372684 
3.1812812827478707 2.1417637559704987 0.3226885457048009 3.0307155234426544 
3.251136918464164 2.2123443971157877 0.2080425736007221 3.141592653589793 
3.1477369866739786 2.0858279340061783 0.39011622535893065 2.956317667752405 
3.1729662382718344 2.1941870483897583 0.2563668139206032 3.0861540885162237 
3.162854183748502 2.0682749203340904 0.43063862759976074 2.9292729465980973 
3.2098681219356147 2.1353019639987454 0.29453312039682583 3.0861540885162237 
3.1472758127458937 2.0927097678034032 0.38674799415823385 2.9539590294267595 
3.1928415441021043 2.213706347747113 0.1995296094904711 3.141592653589793 
3.231202780782818 2.2497697902496547 0.14981105059811667 3.141592653589793 
3.179277801016699 2.264411507179767 0.16966488946017017 3.113873371053009 
3.2193354660529114 2.2406386521837582 0.16448023370617632 3.1277330123214013 
3.1845585452171035 2.2057999493382585 0.23339516886699646 3.096548819467518 
3.2156642754082494 2.141108414472996 0.2830472978700224 3.0913514539918707 
3.1883744196145867 2.233585734003074 0.19801049156263323 3.1082428917877243 
3.1870614134249875 2.177735051858806 0.261109077597636 3.0861540885162237 
3.2062420317653446 2.1957667731100767 0.23624979815145877 3.0861540885162237 
3.182919913982487 2.1737818526543786 0.2780418572858987 3.0636321714550863 
3.180279541882285 2.2030876315751327 0.24617671758248552 3.072294447247832 
3.188299971764006 2.1794649547962375 0.28046938176468594 3.040244026814675 
3.1601483234229795 2.1532823243880475 0.32743845301747676 3.017288995963899 
3.171671750508571 2.163903436568555 0.3046412893009723 3.03450526910198 
3.1818069176191828 2.1263693684197023 0.34674381944569344 3.012254048159365 
3.180661385816509 2.183908065786275 0.2713184930482875 3.057284347475715 
3.182100598365179 2.1577728043124385 0.3003652014953498 3.04717384744887 
3.176476516628221 2.152833596269527 0.3136649175028866 3.032610396272317 
3.1847906272559383 2.160614355383368 0.3015789637347434 3.035479775128665 
3.1807804123150776 2.1724256937728157 0.2844326316436432 3.051504985345243 
3.175528777772235 2.1517835697792718 0.3089966844385968 3.045522601125877 
3.1769131754416753 2.1296511693930524 0.3384250429271738 3.0265061987996162 
3.179813603096727 2.161732062677875 0.29793073446452584 3.0452552887088364 
3.177879984660026 2.140344800487993 0.32492694010629114 3.032755895436023 
3.178363389269201 2.1456916160354633 0.31817788869584984 3.0358807437542263 
3.182160507449022 2.1456722767793086 0.311449242664412 3.0470359616134965 
3.176566380253985 2.1346828049698328 0.33029097925647993 3.0324035675192578 
3.1836570020878048 2.1321216570982804 0.3323066437221746 3.02749529703894 
3.1775608338511274 2.146868091609024 0.3148241742594913 3.041015775104143 
3.1817208950984464 2.143718016374904 0.31706889418460643 3.0388757425280755 
3.178923831500928 2.1382232804701657 0.32648976248064043 3.031559545480956 
