2.356194490192345 1.5707963267948966 1.5707963267948966 1.5707963267948966 
2.4740042147019623 1.5707963267948966 1.5707963267948966 1.5707963267948966 
2.356194490192345 1.6493361431346414 1.5707963267948966 1.5707963267948966 
2.356194490192345 1.5707963267948966 1.6493361431346414 1.5707963267948966 
2.356194490192345 1.5707963267948966 1.5707963267948966 1.6493361431346414 
2.415099352447154 1.6100662349647692 1.6100662349647692 1.4922565104551517 
2.444551783574558 1.511891464540088 1.6297011890497055 1.531526418625024 
2.4887304302656643 1.5609788497524288 1.5413438956674925 1.5118914645400876 
2.554998400302324 1.556070111231195 1.4873477719339183 1.4824390334126836 
2.5881323853206544 1.553615741970578 1.5781594345767482 1.467712817848981 
2.704101332884809 1.5450254495584188 1.5818409884676736 1.416171063376023 
2.673728513284672 1.4818254410975298 1.5247769031583278 1.5082099106491618 
2.758864447012326 1.564967199800932 1.4526798061277026 1.4572817484913587 
2.91602077873121 1.5915050674313536 1.3641691146667014 1.4201594134245266 
2.9504202978995457 1.516416707864352 1.408271062318414 1.342693383636301 
3.1886283394983375 1.48922689839908 1.3270084300801726 1.2286419120570038 
3.1862410818971902 1.497721317011996 1.4115499462525194 1.3041521163406742 
3.323767253221101 1.5799139251028946 1.317507336575206 1.176352341949952 
3.60322739378911 1.5341581544142433 1.1282764253196262 1.1484818285100555 
3.73491125547166 1.4590050800327532 1.2280019544470608 1.0086546860043164 
3.120743397916322 1.5583800705817035 1.3301273246117913 1.317283231569474 
2.8064626424773653 1.5284629511335939 1.5648200934402183 1.3647329724484965 
3.404036205961174 1.532734353594081 1.2374123423497743 1.2025446144946659 
3.4305930423725792 1.4914181764723222 1.316611703017045 1.138562260851674 
3.16057865253343 1.4964058048990656 1.4489263656126976 1.2213097011049858 
2.99901462120245 1.540215796234196 1.435884336243253 1.326665774874634 
3.3226984370800468 1.5036175814127906 1.346429861323597 1.185588139357414 
3.311595259269267 1.5368607878949194 1.3083860505433171 1.1017939308940035 
3.374272347955305 1.556430523336381 1.256804102688716 1.000614838170668 
3.1679830909694395 1.4331416112000332 1.3978680172046865 1.1923144997567516 
3.334873910875115 1.4850176345543462 1.2409198139631887 1.1328595399276007 
3.379947009598596 1.4900919091319649 1.319793441437222 1.0776361429108814 
3.506574217442072 1.5746523452969776 1.2098965664289763 1.0566243767881982 
3.2526308725875976 1.4685192947242693 1.350875154510759 1.1583919690146134 
3.316825089085241 1.4866272317399591 1.2635573689036463 1.0497526520161358 
3.2280155563100132 1.498420565324782 1.2620757525232338 1.1437629030152952 
3.3419641462764504 1.4921740731801691 1.305364019208725 1.0941678329369848 
3.276633772734164 1.5070730592153125 1.3731714826200347 1.0691936525032681 
3.3708782610949646 1.542848281290911 1.2743643061271028 0.999062065160583 
3.430001955348649 1.5800127745742318 1.2361088819352748 0.9193971132335679 
3.3939976051287983 1.5221821278376668 1.2026643897713614 1.0531945880005855 
3.3059747308328227 1.510850326370901 1.3305447094078664 1.0651938863775974 
3.36465664703014 1.5184048606820784 1.2452911629835297 1.0571943541262563 
3.3777220677501694 1.5585167697840796 1.3031454005276912 1.076356439542778 
3.332049333751473 1.5045996162509891 1.2734543768096576 1.0564035988977962 
3.3624978230839373 1.5405443852730496 1.29324839262168 1.0697054926611176 
3.339661456084589 1.5135858085065044 1.278402880762663 1.0597290723386266 
3.341236760182116 1.5398545345929153 1.29137517833521 1.0504279980272933 
3.367767454062552 1.5306265709864948 1.2598277345553162 1.0281282096434197 
3.3564212036857075 1.51751117723554 1.289864162667914 1.046614949048784 
3.351463797423219 1.5237239487709502 1.2739093414683802 1.0277328320291896 
3.3592519326957184 1.5510154905850955 1.259874117575091 1.0060606033814588 
3.383443962456111 1.5342526112238106 1.2426125715277352 0.9800638570800326 
3.3775248048227047 1.514710215550988 1.2654828592641767 1.0114328785751536 
3.3503731962456094 1.5217018970758613 1.294179549179753 1.0531141356241407 
3.3751762709034856 1.5311149326868234 1.2555043159407395 0.9983264267160596 
3.355118086919407 1.5494466513166019 1.2663199897815929 1.0151918881994724 
3.3830062390669866 1.5532942693694656 1.2540988317339956 0.9926214628305778 
3.36320874966847 1.5569929537949134 1.2718011151582642 1.0191753862009667 
3.3572249890509633 1.5699319643489584 1.2799495147670266 1.0295998659434202 
3.3454800368057107 1.5366629593249952 1.2820577410771425 1.0381573117716434 
3.368549163896442 1.534118731382055 1.2777054586773202 1.027069598188834 
3.3584758561636656 1.5456146713329653 1.2691663570055247 1.0181613156968128 
3.35434439323709 1.5468279565599543 1.2769294281177035 1.028666348986305 
3.3670435053817176 1.549920617542912 1.2730827106426834 1.009118725680775 
3.365488101865511 1.543809762390704 1.2658144248567902 1.0236517979221933 
3.3591634182939387 1.5532198025557578 1.2690605524699285 1.0171836372002194 
3.3658789567824554 1.545555842588484 1.2747532869177922 1.0231224921949007 
3.3597497006693557 1.555838922852428 1.2824688455614315 1.0163896786092805 
3.3545473947969686 1.552687220354978 1.2798936272349124 1.0345582273149514 
3.3639194777355304 1.5506122682459287 1.2747854397907408 1.015478601089319 
3.3639260880424176 1.5441555877422124 1.2666657894308189 1.0268317356264656 
3.3607937975126214 1.5529180890748742 1.2785180815287784 1.0190001928635768 
3.364543853225463 1.5512743981916988 1.2732772010380282 1.0211489391979338 
3.363564113702 1.553802611020421 1.2732932774745025 1.0173269936451428 
3.35877657145278 1.5519104551774339 1.2743652716379839 1.023920867593636 
3.361479225168913 1.5564159383236706 1.2771349803598477 1.0177825324051235 
3.3635674188554434 1.5505742707685628 1.2692334522945417 1.023003560913716 
3.361484182899079 1.551573427945883 1.2710452425899066 1.0262973833079831 
3.3589746082124226 1.5542511556516974 1.2699453398023195 1.0250496598102172 
3.363151541972203 1.5520185875566983 1.272444235729101 1.0221241193510047 
3.359743104140823 1.5556734414689015 1.275594480263086 1.0227553173130794 
3.3609558007180587 1.5567242910530905 1.276057308804311 1.0176904619213603 
3.3633032277649333 1.5531497023221665 1.2717394854017439 1.0187001002204044 
3.3606331350468506 1.5550425066822178 1.2746307315477505 1.0217415130399106 
3.365198042250011 1.558478714366026 1.2731014239817295 1.0164448726629849 
3.360381939152088 1.5535525199745819 1.2740493097239203 1.0220518688609732 
3.3631801458203365 1.5545057706758059 1.2721226754436827 1.0206497527759857 
3.3620822751932646 1.556858622424002 1.2739292119812875 1.0184329240611634 
3.3619209423576604 1.5560177302385656 1.2732159233530074 1.0204584496204387 
3.3609926605606253 1.5544517044861736 1.273083193398124 1.0215481268973012 
3.3628109732636884 1.5553867954518819 1.2722521746376718 1.0194446453472694 
3.3630139894632958 1.5538099897803852 1.270700367337584 1.021976031549598 
3.3618330406577033 1.555814951080871 1.2717957498221395 1.0204223422215821 
3.361408722611948 1.5575132126265345 1.2737657491705159 1.0183192187839616 
3.3636380825402794 1.5584022519909264 1.2717242009961716 1.0171326693795888 
3.364336700453123 1.5557852635327618 1.2700208711366079 1.0197683027907418 
3.3621407170722417 1.5570812253530915 1.2728295296620389 1.0186814897856566 
3.3625993217056593 1.5587588956580196 1.2718231231816355 1.0182612984466277 
3.362758060374181 1.5562298205034164 1.2721449117736627 1.019148808622109 
