2.356194490192345 1.5707963267948966 1.5707963267948966 1.5707963267948966 
2.4740042147019623 1.5707963267948966 1.5707963267948966 1.5707963267948966 
2.356194490192345 1.6493361431346414 1.5707963267948966 1.5707963267948966 
2.356194490192345 1.5707963267948966 1.6493361431346414 1.5707963267948966 
2.356194490192345 1.5707963267948966 1.5707963267948966 1.6493361431346414 
2.415099352447154 1.6100662349647692 1.4922565104551517 1.6100662349647692 
2.444551783574558 1.6297011890497055 1.531526418625024 1.6297011890497055 
2.4887304302656643 1.6591536201771095 1.5118914645400876 1.5413438956674925 
2.554998400302324 1.703332266868216 1.4824390334126836 1.4873477719339183 
2.5881323853206544 1.6076118657041523 1.467712817848981 1.5781594345767482 
2.704101332884809 1.5867497269889075 1.416171063376023 1.5818409884676736 
2.673728513284672 1.6352235198860936 1.5082099106491618 1.5247769031583278 
2.758864447012326 1.618349731219351 1.4572817484913587 1.4526798061277026 
2.91602077873121 1.612674002304174 1.4201594134245266 1.3641691146667014 
2.9504202978995457 1.6981934312287992 1.342693383636301 1.408271062318414 
3.1886283394983375 1.76189198344575 1.2286419120570038 1.3270084300801726 
3.1862410818971902 1.5949373494442467 1.3041521163406742 1.4115499462525194 
3.323767253221101 1.6429030112054455 1.176352341949952 1.317507336575206 
3.60322739378911 1.7194534462109003 1.1484818285100555 1.1282764253196262 
2.9288828481108844 1.6199256567944058 1.349248754659531 1.4684498476806618 
3.3977389826325464 1.6971549981407499 1.109038149079054 1.3980886656275784 
3.036450329706544 1.633794251263318 1.3423790973381584 1.3726490024069207 
2.846334046385377 1.6623716092684147 1.4358585982477314 1.472321276634931 
3.2044089515121703 1.6477701607211879 1.2412289060243968 1.3562108215901372 
3.3789815031962362 1.6992712156428453 1.2089522612205856 1.2652592524842134 
3.0414075118822224 1.6397620465065157 1.3141746312997946 1.4176521988815498 
3.2738926126884165 1.6883865187955325 1.2017196855227763 1.383561695995269 
3.0958109004520122 1.6474423181463715 1.3072142443843129 1.3753771758040076 
3.0516349653527106 1.6742466880502542 1.3358625460164961 1.409583053918987 
3.089828461892575 1.6676275562179876 1.3122041360184713 1.3962399958367744 
3.021596524965384 1.7634246027140659 1.276965345539117 1.346588954048733 
3.1450799426642386 1.6370591627617015 1.2973554236402849 1.3953096982015727 
3.065617986887399 1.6536948013622517 1.3131893836591328 1.406946097359162 
3.0686092061671175 1.6436021823264437 1.3106944378420538 1.3965146873427787 
3.11501792569028 1.7008270149761329 1.2714082716783992 1.3723303144808612 
3.1138242968897063 1.6173496979753812 1.3091633738202344 1.4146010725670346 
3.0993246545076865 1.6622145980836969 1.2932733923867266 1.4092501543015248 
3.0916457924225442 1.6575614941443837 1.2976286537505581 1.406066287561838 
3.043020311551517 1.7085729805192609 1.289037096373708 1.386896376574671 
3.0607213078860642 1.6857671598832908 1.2940686657353395 1.3938225505727617 
3.0665266521523833 1.6486617703254498 1.3059016425251764 1.4118592432216939 
3.0535127493848107 1.6467284239343836 1.3136820074794637 1.412299148120356 
3.078212718786251 1.6702945307413244 1.292791451489097 1.3949912566812055 
3.077615904385964 1.6285558722409483 1.3116690025600146 1.416126635724292 
3.05884779006724 1.6440086663861364 1.3102569038890086 1.4086753764820077 
3.0646069366310975 1.6474984943406215 1.3069904578661344 1.4110632765367723 
3.0403588323557957 1.6109778877699101 1.330466598113607 1.4335793729502797 
3.068749247178637 1.655465369998471 1.3022102381452245 1.404638285748474 
3.0365223181524206 1.6661712951490477 1.3068596648352941 1.406699818919284 
3.0673425078275782 1.6379597279679732 1.3104666681288344 1.41376993152304 
3.05300722425666 1.6436302704235686 1.3105825445829646 1.4143577377091612 
3.0666780919048673 1.6514819321695462 1.3046003480056796 1.4078507811426233 
3.059059843007954 1.6471134591375025 1.3103362326727992 1.4116812123285642 
3.071111420508531 1.638027183290785 1.3093297302130744 1.4135949561305323 
3.0777209217695654 1.6484302640456587 1.3050458397958793 1.4077373753600853 
3.0629214761482113 1.6592348915558794 1.304156708957172 1.4055713665534904 
3.065476496873547 1.6496566223702847 1.3086642716403127 1.4101758342468327 
3.0763030727032565 1.6552966770187194 1.3020924064569503 1.4055927140200257 
3.0791322378405215 1.6412061373317623 1.3072397789224666 1.4117132335283675 
3.066974166571289 1.6547277029998502 1.3049274764484955 1.4071068332972096 
3.070455004667177 1.6513975856796703 1.3045414321615425 1.4083279952783991 
3.0650417167523223 1.648577558355453 1.3078273647532237 1.4106195553918024 
3.071163929200331 1.64796437919314 1.306018148831007 1.409400325948429 
3.0637642063896546 1.6533666929482504 1.305573583411653 1.4083173215451312 
3.060770003019794 1.6524557864688574 1.3064482702652698 1.4097637484276238 
3.0566364267292574 1.6495516803769208 1.308878405986598 1.4115539556722658 
3.067000360182697 1.650936109353983 1.3056256756178064 1.4091344853768657 
3.0626884698254457 1.6499771404047394 1.3067193640657022 1.4104135124821982 
3.06482432669171 1.6480380263480372 1.307408911309679 1.4108414159642875 
3.064185571510376 1.650432593644436 1.3062820206388936 1.4096902990409519 
3.067530970649137 1.6494480400101459 1.3057659450138384 1.4096956359075858 
3.0678854329157144 1.647731436766881 1.3065043033485706 1.4102318012426007 
3.0682382619334536 1.6459254050884067 1.3070527881302176 1.4112257657846712 
3.0651987441161452 1.6493057965054287 1.3064747125117246 1.4100741657268818 
3.0672250893276845 1.6470522022274139 1.3068600962573866 1.4108418990987412 
3.0642082287341 1.6482869446962283 1.3070084018749486 1.4109893125110928 
3.066966131870311 1.6478703137492179 1.306630327980165 1.4104211790597239 
3.068340237547405 1.6478964988156624 1.3057145022490833 1.4101695793371238 
3.0674612598334807 1.647931880698756 1.3061381045142322 1.410337538493915 
3.0657865342507042 1.6476844040449197 1.3068103929231496 1.4107422277982482 
3.065916012979391 1.6472753482840177 1.3069252770617605 1.4109525878177567 
3.0660689536401176 1.6484732671753837 1.3063782014399865 1.410379456222179 
3.0647156316614037 1.6477682603443293 1.3071996845879066 1.41095234625053 
3.066473587089251 1.6476974965781421 1.3063524800576092 1.4106164279369486 
3.0655519928261943 1.6484014827855158 1.3063404890816794 1.410448106429318 
3.065642997864493 1.6481199491601413 1.3064866860766995 1.4105742267764276 
3.0653379451356075 1.6479858807580026 1.3066843296530606 1.4107213663794758 
3.0655402618601744 1.6475979954593818 1.3066714689618717 1.4108398522368604 
3.065196735440901 1.6475914491927706 1.306900425394642 1.4109027521675102 
3.0652614748052445 1.6473869213123196 1.3069578674639475 1.4110079321772644 
3.0651765737751604 1.6476431967423923 1.3067516365778653 1.410913461497676 
3.065069383895776 1.6479758623378797 1.3065910790655186 1.410761046148128 
3.0652134520778773 1.6475341565687096 1.3068661703643403 1.4109462106699802 
3.0649306670365473 1.64715104079755 1.3069555372320454 1.4111600340911687 
3.0652361256108422 1.6477771707678894 1.3067521315478068 1.410831033307399 
3.0648917552031287 1.647570845541507 1.3068710472219998 1.410988369017224 
3.0649101943544874 1.6475163254546654 1.3069283141152375 1.4110047436033764 
3.065073599245636 1.6475482449000016 1.306830963414003 1.4109515643868162 
3.0649724408833525 1.6477421875493121 1.3068373937595976 1.4108923214581242 
3.064617064290397 1.6476156815430514 1.306982643067482 1.4110227909209323 
