2.356194490192345 1.5707963267948966 1.5707963267948966 1.5707963267948966 
2.4740042147019623 1.5707963267948966 1.5707963267948966 1.5707963267948966 
2.356194490192345 1.6493361431346414 1.5707963267948966 1.5707963267948966 
2.356194490192345 1.5707963267948966 1.6493361431346414 1.5707963267948966 
2.356194490192345 1.5707963267948966 1.5707963267948966 1.6493361431346414 
2.415099352447154 1.6100662349647692 1.6100662349647692 1.6100662349647692 
2.444551783574558 1.6297011890497055 1.6297011890497055 1.511891464540088 
2.4887304302656643 1.6591536201771095 1.5413438956674925 1.5609788497524288 
2.554998400302324 1.703332266868216 1.4873477719339183 1.556070111231195 
2.5881323853206544 1.6076118657041523 1.5781594345767482 1.553615741970578 
2.704101332884809 1.5867497269889075 1.5818409884676736 1.5450254495584188 
2.673728513284672 1.6352235198860936 1.5247769031583278 1.4818254410975298 
2.758864447012326 1.618349731219351 1.4526798061277026 1.564967199800932 
2.91602077873121 1.612674002304174 1.3641691146667014 1.5915050674313536 
2.9504202978995457 1.6981934312287992 1.408271062318414 1.516416707864352 
3.1886283394983375 1.76189198344575 1.3270084300801726 1.48922689839908 
3.1862410818971902 1.5949373494442467 1.4115499462525194 1.497721317011996 
3.323767253221101 1.6429030112054455 1.317507336575206 1.5799139251028946 
3.60322739378911 1.7194534462109003 1.1282764253196262 1.5341581544142433 
2.9288828481108844 1.6199256567944058 1.4684498476806618 1.542308625772375 
3.3977389826325473 1.6971549981407499 1.3980886656275784 1.463080315711819 
3.036450329706544 1.633794251263318 1.3726490024069207 1.55939887950147 
3.438660654050702 1.696837640884974 1.2459075099767474 1.5208218842353456 
3.056327299595839 1.6391536528170478 1.4128142632546832 1.5369369403881177 
2.9100562721278536 1.6719856072797357 1.4445034844219422 1.4617280925474372 
3.2203395079477892 1.650173660224018 1.3492563735368899 1.5503674669640302 
3.2893177847630337 1.6892840717022135 1.377665504155212 1.4777274318801419 
3.0996671934706663 1.647666706373042 1.3739031278439935 1.538981017596138 
3.0450924492832274 1.6716511858160252 1.4133815101787945 1.4810656197336356 
3.1765277432816488 1.6555430416220198 1.365287657697366 1.5330420051564315 
3.0743342060260552 1.7571903426846833 1.3279567931855882 1.5513721137578873 
3.2132514415425146 1.7719923842456997 1.2842637411488773 1.5193740770666506 
3.1740204060558455 1.7387827013885366 1.3164013716753287 1.5237647928970177 
3.207088153960277 1.8090373281974532 1.2944239984752346 1.50972188750907 
3.1492688153273143 1.7530486465864166 1.3409370680438522 1.5179166595142166 
3.1368930199630487 1.7601816191853565 1.3532049162281137 1.514992592822816 
3.286422320007734 1.7325701572411365 1.3358717839627245 1.473581611531512 
3.127356234521475 1.7510352963237965 1.3299355408798723 1.5319244882012935 
3.1138024123541106 1.6517221557915382 1.3871603498753968 1.5263331381264407 
3.0948492632439377 1.6437825867161355 1.384651878168071 1.5653812471001114 
3.1601986158330773 1.7499826298326457 1.323245722519184 1.5477990618595858 
3.0893087211812533 1.7933815381074774 1.3240974471081237 1.5484687231811718 
3.0456992101310565 1.8623007863502066 1.3035023418135023 1.556182082193542 
3.168216930187623 1.8799414687090326 1.274456011107445 1.507673219278022 
3.113191179979859 1.7028223072143598 1.3571029114029145 1.550954240144589 
3.1498750134517017 1.8209017482108083 1.3020049778726015 1.5221002262335444 
3.168216930187622 1.8799414687090326 1.274456011107445 1.507673219278022 
3.0977057764077953 1.8092009847816035 1.3252417944330408 1.5124059867055277 
3.0828540574537984 1.8342111371254264 1.299702812102967 1.5395330526465525 
3.0994577469221776 1.8139205144906738 1.3100113760881882 1.5341289543634684 
3.0908173944599895 1.867667096471485 1.300742256871105 1.526627457040563 
3.1182215245061036 1.7801932463607186 1.3226372198776803 1.5306002304111108 
3.1195918673164775 1.807141643159143 1.3130512124903626 1.5352844747073582 
3.1237903949297485 1.8150513664962058 1.313623386152821 1.517253106469536 
3.1246663801869397 1.817411131350741 1.3060081769803948 1.5281145902985065 
3.1386156239865883 1.7859685222673023 1.315970259376237 1.5270123572174188 
3.1203462039558456 1.8442844223411465 1.301373617371853 1.524363841637054 
3.124913558963531 1.8297054473226855 1.305022777872949 1.525025970532145 
3.1372706968193205 1.8191564397807747 1.3040065774264982 1.5251074082660254 
3.124228387558344 1.8162312489234735 1.3098157815666078 1.5226838483840213 
3.1221291237517086 1.8122763872549421 1.3095296947353787 1.5316995325029323 
3.1316410020867638 1.8016898268090218 1.310989218178316 1.5275634737579626 
3.1367741095739756 1.8149679361770636 1.3058801823405297 1.5200351278503257 
3.1257903702072753 1.8129492744854725 1.3086173166366666 1.5287834313397806 
3.1309685385031303 1.8182837855657579 1.3050073772034465 1.526610999282266 
3.128153691136852 1.8095504790798813 1.3084986975793553 1.5278390320282345 
3.124447383872642 1.8168211901371074 1.3079119792735012 1.525399219341264 
3.123397751969324 1.8148437593028417 1.3077689358578868 1.5299070614007193 
3.1193640650797487 1.8110294943695275 1.3100865176421226 1.529018952252096 
3.1177840994174755 1.8205023085002274 1.3073891072975972 1.5283808796180587 
3.120376497347319 1.817764351145141 1.3076665048680367 1.5282454177206026 
3.122015222633344 1.8142203128601344 1.3080473473112586 1.5285667712753013 
3.124032066078132 1.8161274453267913 1.3068885564191408 1.529010825849613 
3.1245568820297906 1.8171161607439243 1.3069600781269481 1.5267569048198852 
3.1264100356618956 1.813480805215311 1.3072534372798752 1.5279768111633705 
3.1240049702503656 1.8135036866325644 1.3071386808683862 1.5300775944735105 
3.12451623828814 1.8131805227025843 1.3073352648008165 1.5283570577557317 
3.1243951952356377 1.8139172533586359 1.3072235877053977 1.528520499779202 
3.124738446608543 1.8160110647598464 1.3071275937700766 1.5265117417846794 
3.1245198473097235 1.8166444037343807 1.3069946899654048 1.527064457481727 
3.1244263582541594 1.814599040952572 1.3071663632703996 1.5281564892048332 
3.125538207924418 1.8154459682830262 1.306630807130135 1.5280457007309385 
3.125574241135219 1.8147459349875787 1.307190515524976 1.527244276474025 
3.1242126291476198 1.8138505590377227 1.307650392295567 1.528271791219336 
3.125402615448767 1.8136990292869735 1.3072385124926365 1.5282486554712862 
3.125261552772333 1.812442195980767 1.3080356216663924 1.5278250664330708 
3.125330716560354 1.8131931390563316 1.3076844180323282 1.5278802250075376 
3.125311332404758 1.813665682126517 1.307451914787721 1.5281243011913532 
3.124807622298193 1.813774794162348 1.3074444523941016 1.528260223345311 
3.1248934351414195 1.8142982470126507 1.3074204539102714 1.5277580338466805 
3.1248754185360186 1.8146482636603745 1.307140599712851 1.5281587459751371 
3.124710066051875 1.8136714024808307 1.3074232256848488 1.528649497018888 
3.1239915356120953 1.814306827544121 1.3073774202559627 1.5285458275879829 
3.1249813832065922 1.813825968480918 1.3074332911547815 1.5282296827905106 
3.124321484810261 1.81414654118972 1.3073960438889023 1.5284404459888254 
3.1248164086075096 1.8139061116581185 1.3074239793383118 1.5282823735900894 
3.124499638873318 1.8142633742561747 1.3073746461216875 1.528420980556414 
3.124576634729537 1.814141229232718 1.307392097689791 1.5283807912536382 
3.1245145188775645 1.8138783353479206 1.3075371858169393 1.5282770824047127 
3.1245440238418194 1.8142494113490486 1.307395496004209 1.5282152685972366 
