2.356194490192345 1.5707963267948966 1.5707963267948966 1.5707963267948966 
2.4740042147019623 1.5707963267948966 1.5707963267948966 1.5707963267948966 
2.356194490192345 1.6493361431346414 1.5707963267948966 1.5707963267948966 
2.356194490192345 1.5707963267948966 1.6493361431346414 1.5707963267948966 
2.356194490192345 1.5707963267948966 1.5707963267948966 1.6493361431346414 
2.415099352447154 1.6100662349647692 1.6100662349647692 1.6100662349647692 
2.444551783574558 1.511891464540088 1.6297011890497055 1.6297011890497055 
2.4887304302656643 1.5609788497524288 1.6591536201771095 1.5413438956674925 
2.554998400302324 1.556070111231195 1.703332266868216 1.4873477719339183 
2.5881323853206544 1.553615741970578 1.6076118657041523 1.5781594345767482 
2.704101332884809 1.5450254495584188 1.5867497269889075 1.5818409884676736 
2.673728513284672 1.4818254410975298 1.6352235198860936 1.5247769031583278 
2.758864447012326 1.564967199800932 1.618349731219351 1.4526798061277026 
2.91602077873121 1.5915050674313536 1.612674002304174 1.3641691146667014 
2.9504202978995457 1.516416707864352 1.6981934312287992 1.408271062318414 
3.1886283394983375 1.48922689839908 1.76189198344575 1.3270084300801726 
3.1862410818971902 1.497721317011996 1.5949373494442467 1.4115499462525194 
3.5018624226946233 1.4685469199023968 1.5407398907322616 1.3736510334118197 
3.323767253221101 1.5799139251028946 1.6429030112054455 1.317507336575206 
3.60322739378911 1.5341581544142433 1.7194534462109003 1.1282764253196262 
2.9288828481108844 1.542308625772375 1.6199256567944058 1.4684498476806618 
3.3977389826325464 1.463080315711819 1.6971549981407499 1.3980886656275784 
3.036450329706544 1.55939887950147 1.633794251263318 1.3726490024069207 
2.846334046385377 1.4644139352395658 1.6623716092684147 1.472321276634931 
3.2044089515121703 1.5510389276370624 1.6477701607211879 1.3562108215901372 
3.3789815031962362 1.5063843855024288 1.6992712156428453 1.2652592524842134 
3.0414075118822224 1.5333275657048886 1.6397620465065157 1.4176521988815498 
3.2738926126884165 1.4762584748750436 1.688386518795532 1.3835616959952686 
3.2145320419429484 1.49704357603165 1.6747384519124786 1.3808335225981816 
3.1346664541189284 1.5503387947937188 1.5167120208464642 1.4561148145810212 
3.068829957762308 1.569169726542183 1.5248523368467288 1.4399303680544322 
3.105255478807468 1.55113818891455 1.5623238656131662 1.4251561566903694 
3.0293763118407346 1.5152240055755142 1.5090974804840087 1.4990257366125928 
3.1606507915943114 1.5420851971216754 1.613101990661893 1.391914550345751 
3.1121109779716676 1.5117973395828361 1.6883506052664465 1.3670216115040739 
3.129027585082113 1.5407034309909982 1.5596216669514598 1.4338415138117844 
3.2491799568083186 1.532496501314721 1.5252303898288675 1.413578884668662 
3.0933506231137464 1.5331197996073467 1.6111291323371035 1.4166338703283279 
3.0962865928559475 1.5192561711407697 1.550904016511095 1.4516761931957491 
3.112377642540538 1.524963427635996 1.5664535100487944 1.4367357824832494 
3.1171415319447906 1.545920809952774 1.560972766282313 1.429498835251077 
3.11118910409793 1.5369116152991724 1.5853753996442816 1.425237692070056 
3.1576343334896517 1.5192123740014971 1.5772795081978532 1.4226957300321519 
3.1448391883382123 1.5413943140563369 1.5863618288066763 1.4128780320787677 
3.093464371241871 1.5632527111481436 1.5688863226445122 1.4280323065736902 
3.0805721078451396 1.551999969639207 1.5510662489546068 1.4454271417745357 
3.0899850521887364 1.5505130535859863 1.5715020528151171 1.436770491863956 
3.110352412005777 1.547068870861077 1.563605087915514 1.4313167494042967 
3.0955191339895203 1.56460087602054 1.5362142635887648 1.4440711637120973 
3.1072716115708277 1.5438339304795143 1.5730851156304024 1.4299460599805665 
3.1394858821051552 1.5454295021006592 1.5815328476163373 1.416141173110633 
3.0953005514101433 1.55035735275457 1.5586828986200394 1.43810564960856 
3.111245978161992 1.5519780710695708 1.564253994797986 1.4309369101927372 
3.1181495983264704 1.5422686807352561 1.566353391290931 1.4318937868961754 
3.119689998543945 1.5438861509260375 1.5616133774334868 1.4325791316080405 
3.104799846463626 1.5463517003151026 1.5553439579530333 1.43963432779316 
3.1342567335936344 1.5430664665458285 1.5705772572838985 1.4249913434612087 
3.126892511811133 1.5438877749881472 1.5667689324511822 1.4286520895441963 
3.122967838146909 1.5455328279659488 1.5668856153122925 1.4300830186144062 
3.126917358274603 1.5487823717720763 1.5624117134655293 1.4298629791853865 
3.120341538313504 1.5438971034944613 1.5653679718345805 1.4313860849684783 
3.1249301749790206 1.544710301477048 1.5668272738817373 1.4293675540793012 
3.127960048446623 1.5422956029895727 1.563195299701321 1.4312468016779905 
3.1190692449865622 1.547932923028859 1.5655114636245842 1.4297944998684669 
3.122521055068802 1.5430782278617017 1.5665611618710567 1.430272938220186 
3.1232912551775396 1.5438869629570924 1.5641911549423346 1.430615610576119 
3.1312631902654866 1.538641361369398 1.5648468108583635 1.4305992201407793 
3.13218244778159 1.541277623290404 1.5629399371055444 1.4302839227493567 
3.1297670996033933 1.5417277744332285 1.5638452432969225 1.4302811766170642 
3.1249364032469984 1.5426280767188771 1.5656558556796785 1.4302756843524784 
3.1285594255142946 1.5419528500046407 1.5642978963926115 1.4302798035509179 
3.127426280128878 1.54309168898886 1.5649821160762516 1.4299494456110935 
3.125091883494336 1.5438873689726198 1.5654800436967584 1.4296338500601578 
3.1290778510383097 1.5412645681787727 1.5658078716547728 1.429625654842488 
3.128329805707263 1.5428077747106879 1.5653070878740523 1.4294666330806303 
3.130771340848455 1.5416385344606143 1.5659529603313709 1.4292130614790461 
3.1276321182095552 1.5444483183953819 1.5656976767116557 1.429014960014995 
3.128716417831121 1.542060505732925 1.5657803229189935 1.4294729811356146 
3.12857346960253 1.5425314773745855 1.5664350780148468 1.4291771558043447 
3.1285125536287133 1.5426005517086112 1.5661530804796484 1.4292495251234159 
3.1278044648211267 1.5429741403605362 1.5662746276850879 1.4290625353399053 
3.128831926329794 1.5427631547243807 1.5663609463912764 1.4289325755116211 
3.1271593959700055 1.5434897319885037 1.565875524263717 1.429300767577645 
3.1276111587591977 1.5433477748494175 1.5660380101626172 1.4290593613124134 
3.1274430316139386 1.5437700779146883 1.5662470789493086 1.428909861633033 
3.127533389915736 1.5435710935261502 1.5662539661332535 1.428948030059751 
3.127597453254137 1.5435081027641735 1.5665916744570971 1.4288573700341933 
3.1282682446853944 1.5433753310129221 1.5671122354526874 1.4283942649972357 
3.1281655831168917 1.5432905743616268 1.5666563657571029 1.428606110022209 
3.1277394857198257 1.5434537206635368 1.5666078472820986 1.4287945550311973 
3.1272129508634343 1.5437294342571488 1.5665114492922179 1.4288000598019737 
3.127580378248264 1.5436315530005347 1.5669405839519348 1.428523177270716 
3.1278622190704635 1.543325464856264 1.5665649394212293 1.4287923325279088 
3.127244982532635 1.5436979388761602 1.5666803034541397 1.428754729789195 
3.127025953890569 1.5436887534883255 1.5663222283574496 1.428976428560921 
3.127299882788966 1.5435705318472999 1.5666567525497825 1.4287877304091368 
3.12762384421103 1.5435521017956102 1.5670132355807171 1.4285170125742974 
3.1275118960236643 1.5436611084107912 1.5668569529038514 1.428570351808662 
3.12745889271499 1.5436384642699184 1.5668069028153342 1.428624696458781 
3.127105458853581 1.5437227196996348 1.5663973034902259 1.428894911585743 
