2.356194490192345 1.5707963267948966 1.5707963267948966 1.5707963267948966 
2.4740042147019623 1.5707963267948966 1.5707963267948966 1.5707963267948966 
2.356194490192345 1.6493361431346414 1.5707963267948966 1.5707963267948966 
2.356194490192345 1.5707963267948966 1.6493361431346414 1.5707963267948966 
2.356194490192345 1.5707963267948966 1.5707963267948966 1.6493361431346414 
2.415099352447154 1.6100662349647692 1.4922565104551517 1.6100662349647692 
2.444551783574558 1.511891464540088 1.531526418625024 1.6297011890497055 
2.4887304302656643 1.5609788497524288 1.5118914645400876 1.5413438956674925 
2.554998400302325 1.556070111231195 1.4824390334126836 1.6051574964435353 
2.654400355357315 1.5487070034493442 1.438260386721577 1.6223380812678547 
2.615744039502596 1.4861205873036099 1.5339807878856409 1.5720235114252055 
2.671887736339211 1.5714099191100517 1.4959380643460771 1.523549718528019 
2.7855557127215373 1.6011691463950335 1.4781438872066035 1.4704739832671754 
2.7761217308760404 1.5424176822190132 1.4986992297642714 1.5764720557100738 
2.9419067045267817 1.5184108828886038 1.4037458189941496 1.5498574890402583 
3.175857949439192 1.4922181609354572 1.3202205650937762 1.5393880701629392 
3.0802238346944453 1.6061354091958142 1.3336812465074734 1.532312583778816 
3.31246373229037 1.666142820141916 1.2335314758183902 1.512457119955621 
3.254479258508292 1.5722631959233149 1.377112077564485 1.4369852651916473 
3.3719366468056924 1.5934752740057965 1.2558796584218976 1.413107895490215 
3.6556931320022734 1.5308768736351577 1.1653028865872126 1.4904229240446334 
3.0030900675417214 1.5835960782050647 1.3999336370517557 1.4754612184615399 
3.1790069543358834 1.6855168177295377 1.3630827446790295 1.3895454112981698 
3.178219703111711 1.6371921535310174 1.3523671997827162 1.4270060760143624 
3.0416569511180835 1.5948657437004394 1.3668074417796146 1.503886901120178 
3.128784663025007 1.5779296370641898 1.3885228573081203 1.4562232418265935 
3.1875133571737067 1.5885356761054306 1.3279066477368267 1.4442845569758775 
3.0894740084904564 1.537907119570261 1.360077101072766 1.5074246443122394 
3.091048510938803 1.6345564479673014 1.3815081908653928 1.4325033148798552 
3.090654885326716 1.6103941158680413 1.3761504184172364 1.4512336472379515 
3.032672967555107 1.6107661698752984 1.346876215184596 1.48120992007118 
3.1047567391575317 1.586138770266967 1.3781111967772393 1.46246991138774 
3.1513505734817544 1.5894665765223124 1.3742435082119144 1.4128377659113762 
3.1239271678908365 1.5908163683168444 1.3723844916038397 1.4356000497135768 
3.097835999808958 1.6005323489807235 1.3600764006275903 1.4408198248067325 
3.1030265543203885 1.5897371649454062 1.3736024977398271 1.457057389742488 
3.139084121250211 1.599464895986736 1.3520285330770316 1.4477591021069145 
3.1557202625322716 1.5896760222111375 1.350145569670333 1.4399423033447272 
3.0953017123577142 1.5860658771552476 1.3639201423942913 1.4598728877187086 
3.146135048165619 1.5873372231861986 1.353008922257033 1.4533772341818088 
3.153251068864445 1.5763425033422716 1.3454621079522107 1.4509793890036464 
3.1353803307484704 1.5794646176834368 1.345003340499848 1.4643147305952937 
3.1506352795863215 1.5871231710792122 1.348860012377712 1.4460354101573687 
3.1703822130190757 1.582439089723851 1.3366843778445188 1.447631972989762 
3.166824202669663 1.5879364496458146 1.34045778499693 1.4488308955788431 
3.1414075347657104 1.587300776630339 1.3459133950655588 1.452078722347293 
3.1716168098529893 1.5891058491582841 1.33902610870358 1.4421134301603025 
3.163298739211958 1.5940002860460836 1.3399675904069288 1.4460218295413965 
3.2032190196884485 1.5924883538474672 1.3277656708565737 1.4385466337809165 
3.188810849518899 1.5923745336641142 1.3290227382950497 1.4467285277782143 
3.204596780126843 1.595762975185733 1.3218735386507596 1.4389598784593591 
3.2287712640419914 1.5905804833552888 1.313316707362676 1.4382379689557871 
3.212403132834483 1.5914354340279877 1.3199794281237391 1.4401839341021896 
3.196055068650275 1.5921493256455816 1.324890093193793 1.4416222177176183 
3.188162103346303 1.5904551048847724 1.3284646930159383 1.445506542377046 
3.195366188431078 1.590512014976449 1.3278361592967003 1.441415595378397 
3.1754060481928326 1.591267981075757 1.3339371190718778 1.445153193258637 
3.2081423106078484 1.5895580797303597 1.3206116775497514 1.4412612629658321 
3.1835901137965865 1.5908405057394077 1.3306057586913462 1.4441802106854358 
3.1812608127235613 1.5880223252074481 1.332516536176613 1.4460712349907596 
3.192356504668597 1.5911175755360483 1.3267967039394981 1.4427344720359037 
3.191250978688682 1.5900477812938956 1.3281079418162474 1.440800875160761 
3.1889343221818978 1.5903532739870532 1.3283755052160156 1.4443301255729746 
3.190478759853087 1.5901496121916148 1.32819712961617 1.4419772919648324 
3.189320431599695 1.5903023585381937 1.3283309113160542 1.443741917170939 
3.198688127139952 1.5893933068386534 1.3248294524531936 1.441908060095123 
3.187364617132428 1.5904787060142191 1.329161682131808 1.4436121730378577 
3.19197990210321 1.5900196277778798 1.3275196852363622 1.4422814815430791 
3.1913150344773316 1.5900903104679582 1.327722491756285 1.442646590450044 
3.183908568294954 1.5895991190853795 1.3279576034855087 1.4452233008714446 
3.192501783397047 1.5902837910036816 1.3278665203439024 1.4423675217516587 
3.18933982580488 1.5902845082410888 1.3284420869440465 1.443129381743951 
3.189414195825519 1.5893129932866943 1.3278145697465558 1.443465573712961 
3.191835769572964 1.5906039430020034 1.3272595978478916 1.4426905312429739 
3.1933406114542047 1.5903011627222035 1.3277793255264927 1.4420310929142204 
3.19350142482917 1.5913269689299323 1.3277871812908022 1.4417832244626339 
3.1956565943619557 1.5908766843199595 1.326832211266689 1.441446337790985 
3.1928138001665065 1.5911477906377232 1.3270214155543412 1.4422522490590977 
3.19320890863228 1.5905128197010834 1.3275898480334547 1.4420863819504397 
3.1929455029884313 1.5909361336588432 1.3272108930473792 1.4421969600228783 
3.1931430572213175 1.5906186481905233 1.3274951092869358 1.4421140264685492 
3.1930113543993937 1.5908303051694033 1.327305631793898 1.4421693155047688 
3.1931101315158363 1.5906715624352432 1.3274477399136764 1.4421278487276041 
3.1934858144196436 1.5904834973939588 1.327277351511487 1.4420464641205144 
3.1924082296532506 1.5907086396989452 1.3277548365235436 1.4422149074563388 
3.1915754020251477 1.5903471267349807 1.3274910448020885 1.442668560846509 
3.1922290458493245 1.5903544793292408 1.3276088005216105 1.4423803084592968 
3.190278041582884 1.5902667807216035 1.3280112352902766 1.4429087194855796 
3.191539773756247 1.5903629783738933 1.3280576372437691 1.4424067020791203 
3.1915664949579226 1.5903510896447088 1.3276326929125086 1.4426030961546619 
3.191861632065291 1.5903994750834518 1.3277386641399143 1.4424307489531913 
3.1907965380301078 1.5901785455947808 1.3278668635232809 1.442777654967812 
3.191772040163328 1.5902223948985994 1.3276656461389478 1.4425134494546703 
3.1914452182512396 1.5902187186014696 1.3276067682791868 1.4426575756482767 
3.1924004244484867 1.5902869039309593 1.3274999216338859 1.4423465272852791 
3.191739114457846 1.5902753091433204 1.3276182767656883 1.442527271713725 
3.1917638087369573 1.5902356234597796 1.327653803795633 1.442516905019434 
3.1915883332713113 1.5902448927757051 1.3277305779480997 1.4425386697016176 
3.1918577294629094 1.5901886071994586 1.3276112066950856 1.4424965588676617 
3.191380126364286 1.590154514534714 1.327664630017736 1.4426520830491603 
