2.356194490192345 1.5707963267948966 1.5707963267948966 1.5707963267948966 
2.4740042147019623 1.5707963267948966 1.5707963267948966 1.5707963267948966 
2.356194490192345 1.6493361431346414 1.5707963267948966 1.5707963267948966 
2.356194490192345 1.5707963267948966 1.6493361431346414 1.5707963267948966 
2.356194490192345 1.5707963267948966 1.5707963267948966 1.6493361431346414 
2.415099352447154 1.4922565104551517 1.6100662349647692 1.6100662349647692 
2.444551783574558 1.531526418625024 1.6297011890497055 1.511891464540088 
2.4887304302656643 1.5118914645400876 1.6591536201771095 1.4431691252428118 
2.5108197536112185 1.50207398749762 1.5560701112311945 1.5266176801037905 
2.5881323853206553 1.467712817848982 1.5094370952794707 1.5045283567582377 
2.626788701175373 1.4505322330246626 1.6039303118132264 1.493483695085461 
2.762085806666887 1.390400186139546 1.6204973043223916 1.4548273792307436 
2.741377066030431 1.4781438872066044 1.569875938322165 1.3765943590485756 
2.9045159228220694 1.471087575582331 1.549780790000863 1.2598584210904793 
2.897728057835676 1.3497496952605768 1.598638078095021 1.2603953143662396 
3.109589979402533 1.2392263794934166 1.6125589537450828 1.1051948081519107 
3.1934316168404075 1.2723220149920502 1.4869834514967946 1.2190353573728738 
3.396679277545293 1.21880526025469 1.6254731545030952 1.0149296261647658 
3.540022591638265 1.2103204290216976 1.5169008705505265 0.844681727159271 
3.715345809891181 0.999249466298596 1.5711774251468866 0.8320623383339312 
3.1072233945893473 1.3531280482613972 1.555129948787369 1.1529094004013423 
2.863439542550526 1.3314204224790793 1.623171883715644 1.4013528688861756 
3.3708768293663303 1.240595427386043 1.5434686238418058 0.9838495125909972 
3.298753123611344 1.253555542705723 1.6813318889418816 0.9094063162816344 
3.351413876996812 1.2441723065625592 1.778506107664425 0.7545917957360144 
3.480726210373403 1.122963256658539 1.6762863617285637 0.8537807311933119 
3.3873505064273886 1.1805044545592533 1.6459972584932652 0.9285628984953195 
3.186605941858505 1.2381356418175282 1.6162052080079228 0.9485771415951652 
3.081569274015111 1.2478008325989474 1.611571234760337 0.9154008993103648 
3.04304409677027 1.3100846365328116 1.5784680921512886 1.0283628696721343 
3.301273904013109 1.212899500052643 1.6291149669077711 0.9535128912895232 
3.1291206991845497 1.277689591039422 1.5953503837367826 1.0034128768779305 
3.258235602805969 1.2290970227993379 1.620673821115024 0.965987887686625 
3.0031971605511485 1.2442444614126695 1.7195993254393567 0.9641454431242702 
3.278956912162535 1.2415076858926994 1.5875012992411937 0.9789234952243154 
3.349167476894946 1.2467541625049372 1.6379801682841353 0.7796644910995592 
3.2459877905359993 1.2657120890518154 1.63851847449875 0.8257097132713118 
3.2551736497384764 1.2382507893624572 1.6251349844609555 0.9309183440827967 
3.180263093088823 1.2446542592458234 1.5995362670007653 0.9471621972673401 
3.2153683754550286 1.2472774975519423 1.6247757015222362 0.847532695204962 
3.1901611988132275 1.2506781876523352 1.6464515618511093 0.9124036077959996 
3.1699024384105403 1.2384489276991426 1.6161225279376805 0.9406943934984949 
3.0955796267088225 1.2435136060461822 1.6120650942527102 1.0102978537311376 
3.185421188268477 1.2463365246755023 1.6215980497048545 0.8882239848365059 
3.125526813895374 1.2444545789226222 1.6152427460700918 0.9696065640995937 
3.1704475946752013 1.2458660382372821 1.6200092237961639 0.9085696296522778 
3.1257771598682167 1.2467427338480304 1.6475410071718801 0.8913720678612285 
3.1666416097836714 1.2451763778963751 1.6115374520435441 0.9332146649158122 
3.135865236414169 1.2492395101256413 1.6290113983057233 0.9139022535531822 
3.1257358562128257 1.243124880149045 1.6138468813490088 0.9280476464044298 
3.126008434345156 1.2468334354181148 1.6157902292782504 0.9119852644813213 
3.130916183551967 1.2462275459223853 1.605553750880551 0.9312815482888525 
3.1110348407518806 1.2463629489798949 1.6142014033695593 0.9323309092970933 
3.122265035946837 1.2467158138085597 1.6153930228010775 0.9170716756852644 
3.1018015177425045 1.2472129724187115 1.629357517727522 0.9059296891877681 
3.1236375170996014 1.2464739025464668 1.6115046925922938 0.9249435835135813 
3.0907386052230184 1.2428182044258682 1.5971465174456352 0.9288296489036378 
3.1245835786163814 1.247634183700698 1.6210451780907014 0.9176341023907961 
3.105498077025122 1.2458010856890191 1.6135909705950926 0.9259414401243216 
3.1180732962164086 1.2464871317786745 1.6149425097495813 0.9192891167950287 
3.1241105478579914 1.2470540431235824 1.6162749353414976 0.9212888429521887 
3.102603395557356 1.247137367572707 1.6115379636763154 0.9201722414119731 
3.1246866866562133 1.244799391347756 1.6126757869706512 0.9264956149590056 
3.122951276523219 1.2465948581775133 1.6134488576966857 0.9210076295994228 
3.1450896185111565 1.2453237300249522 1.615414172624249 0.926695594100126 
3.1132249512958063 1.2466839581857685 1.6125070159132988 0.9218030795840113 
3.134468062772706 1.2457771394118908 1.6144451203872656 0.9250647559280878 
3.118535729165031 1.246457253492299 1.6129915420317906 0.9226184986700304 
3.124162101877907 1.2456366469471114 1.6120902397814725 0.9257195992362934 
3.1238740324787964 1.2467639728350246 1.6138898139668956 0.923116213232885 
3.12329439681141 1.24653438036199 1.6124767751444897 0.922975606556502 
3.118431234197704 1.2465789303661177 1.6120058542527964 0.9233733315487963 
3.1208885925145147 1.245847957275818 1.6101489669186306 0.9253898471947015 
3.1202653260334534 1.245734338205767 1.610398101628107 0.9267375741901842 
3.1223594970898176 1.2463639517569134 1.612850477208704 0.9249971970497262 
3.1240298490990615 1.2467923776025378 1.6138275302895264 0.9227792814840143 
3.1212064567998556 1.2459988480549598 1.6112554587934618 0.9257480010136417 
3.1272515522358866 1.2456577442866081 1.6118445799351697 0.927330858857825 
3.125046472726341 1.2458880408064856 1.6118848985145764 0.9263414770305678 
3.1263963375969777 1.2461824229735292 1.6129096952550617 0.9252529274014426 
3.1232312541058107 1.246440421305525 1.6127926539041897 0.924115176569954 
3.1245926680712084 1.2460261359312454 1.6121118373619798 0.9257849019154143 
3.1243309080508954 1.2468865596569658 1.6125981114275472 0.9247697057037887 
3.124204303421154 1.2459491251245751 1.612217207692991 0.9254821258531672 
3.1242887065076483 1.246574081479502 1.6124711435160286 0.9250071790869149 
3.124225404192778 1.2461053642133069 1.6122806916487504 0.9253633891616042 
3.1250169273482893 1.246328162759998 1.6122071939236777 0.925098255457512 
3.1229985070947093 1.2464189271516901 1.612177584900499 0.9249703902816537 
3.124115092585405 1.2462500192388561 1.6118082649771368 0.9253642427144978 
3.1239209102603778 1.246211513835521 1.6118609501426424 0.9252128546833742 
3.1253467165521274 1.2462128720387307 1.6115129659173764 0.9253390779028288 
3.123585559459064 1.2463674133734504 1.6120114301547184 0.9250625621869475 
3.1242566379858023 1.2464982351238647 1.6119048406812708 0.9250214672528949 
3.124004842191734 1.246283194157607 1.6118719227772995 0.9251650078257544 
3.1248016301534514 1.2463002259780138 1.6116846069804858 0.9252229825687253 
3.124615365811133 1.2464427234821867 1.6118259431597417 0.9248506719682886 
3.124240160891837 1.2462981952996888 1.611812684522788 0.9252358500279455 
3.1238211796456676 1.2463785483520369 1.6116883076847968 0.9250542956696679 
3.124510884770012 1.2463056784588025 1.6120395583504887 0.9251316316416331 
3.1244032361725926 1.2462917100678104 1.6117782648788928 0.9251939951972399 
