2.356194490192345 1.5707963267948966 1.5707963267948966 1.5707963267948966 
2.4740042147019623 1.5707963267948966 1.5707963267948966 1.5707963267948966 
2.356194490192345 1.6493361431346414 1.5707963267948966 1.5707963267948966 
2.356194490192345 1.5707963267948966 1.6493361431346414 1.5707963267948966 
2.356194490192345 1.5707963267948966 1.5707963267948966 1.6493361431346414 
2.415099352447154 1.6100662349647692 1.6100662349647692 1.6100662349647692 
2.444551783574558 1.6297011890497055 1.511891464540088 1.6297011890497055 
2.4887304302656643 1.5413438956674925 1.5609788497524288 1.6591536201771095 
2.554998400302324 1.4873477719339183 1.556070111231195 1.703332266868216 
2.5881323853206544 1.5781594345767482 1.553615741970578 1.6076118657041523 
2.704101332884809 1.5818409884676736 1.5450254495584188 1.5867497269889075 
2.673728513284672 1.5247769031583278 1.4818254410975298 1.6352235198860936 
2.758864447012326 1.4526798061277026 1.564967199800932 1.618349731219351 
2.91602077873121 1.3641691146667014 1.5915050674313536 1.612674002304174 
2.9504202978995457 1.408271062318414 1.516416707864352 1.6981934312287992 
3.1886283394983375 1.3270084300801726 1.48922689839908 1.76189198344575 
3.1862410818971902 1.4115499462525194 1.497721317011996 1.5949373494442467 
3.323767253221101 1.317507336575206 1.5799139251028946 1.6429030112054455 
3.60322739378911 1.1282764253196262 1.5341581544142433 1.7194534462109003 
2.9288828481108844 1.4684498476806618 1.542308625772375 1.6199256567944058 
3.3977389826325464 1.3980886656275784 1.463080315711819 1.6971549981407499 
3.036450329706544 1.3726490024069207 1.55939887950147 1.633794251263318 
2.846334046385377 1.472321276634931 1.4644139352395658 1.6623716092684147 
3.2044089515121703 1.3562108215901372 1.5510389276370624 1.6477701607211879 
3.3789815031962362 1.2652592524842134 1.5063843855024288 1.6992712156428453 
3.0414075118822224 1.4176521988815498 1.5333275657048886 1.6397620465065157 
3.2738926126884165 1.383561695995269 1.4762584748750436 1.688386518795532 
3.0958109004520122 1.3753771758040076 1.5386137783448635 1.6474423181463713 
3.2961371247976325 1.3174209879818686 1.5049728949916124 1.6862588593722623 
3.105089915111075 1.3925943961566296 1.5262388980265695 1.6513862497229523 
3.083476166967137 1.3970541525565272 1.4748615182541922 1.6800587896584722 
3.050261579117091 1.3344671310461491 1.5167492295003564 1.7754523210425264 
3.1364192001221207 1.3176694139869527 1.5605528838812424 1.7380276465203277 
3.1628907166996125 1.2779770447021654 1.6033985666947679 1.7670120749512552 
3.143705852772452 1.264820494659618 1.5477553384429645 1.8245130990699991 
3.1630138216031396 1.2009335439111122 1.5585135586511618 1.9110765237435223 
3.2549103100094596 1.2561809662025798 1.5781271715445806 1.7682591291009233 
3.1014237618401834 1.3148955898352568 1.5320937150114124 1.7736540230571256 
3.212167419368624 1.1850301284603457 1.5530025910333474 1.959374984452455 
3.1311195202574416 1.1624097233742674 1.6342773172962648 1.9436668196564288 
3.1023651106369936 1.0801103700213148 1.7068025267448572 2.0345542377617685 
3.218794772314001 1.0571299537122123 1.6787649065506547 2.062354887397375 
3.1852798452617668 0.9836249533503274 1.6451432247952429 2.2166682417263055 
3.122559355539327 0.975869282037138 1.741609517337611 2.1529519608620307 
3.1514857202729045 0.8474337356493842 1.827646529063021 2.322188140130218 
3.145721669607786 0.6706838315185202 1.9622130142689507 2.5277439483235655 
3.112322634119846 0.9966467173596971 1.8322685150528288 2.0693563713493908 
3.0255716379705344 0.8929000988215547 1.8753986375485048 2.2271704676543287 
3.073313195960812 0.9326761788888374 1.8794485868669955 2.1736826475858217 
3.0486901161715556 0.9110796273146873 1.9483681216316873 2.1840479909477173 
3.194171692524743 1.035533402138062 1.7476844413153465 2.0727202307592716 
3.0677216516090864 0.9285584246506815 1.843470088490215 2.1885579084305644 
3.100056490344331 0.7725471582529853 1.984614332991673 2.342338295986229 
3.0989021801979995 0.6187655523688207 2.1235202361150805 2.496230325098459 
3.0833887399005553 0.6670702284191647 2.0047742052148267 2.5209731392731407 
3.06892179279091 0.5022819839488983 2.0910270502958257 2.7467815232350157 
3.0101771635613224 0.726101456514368 2.097960029280538 2.367533870063775 
3.116158581095009 0.8171006658656301 1.8952249041174003 2.333524572613607 
3.109772380440513 0.5830712567633112 2.054046130101766 2.5959603251220633 
3.136389289207952 0.41444542705778176 2.195312649284322 2.7847862726230708 
3.170723108007385 0.15738892826133188 2.3712339296813756 3.082900454719324 
3.1152346231782166 0.196047317040684 2.3815623464391242 3.014507549492887 
3.1243519452015653 0.2365647562816895 2.3864992286234377 2.9613454091698417 
3.147947027945861 0.009770062632614374 2.4485146188643014 3.141592653589793 
3.1957396122659585 -0.36718469631100487 2.789130856589293 3.141592653589793 
3.2519150484486605 -0.8843121586760897 3.141592653589793 3.141592653589793 
3.2185579585884967 -0.4971176816524192 2.784952545663859 3.141592653589793 
3.2793369483169847 -0.8031827417579653 2.9915845274605406 3.141592653589793 
3.3123195037349022 -1.0233818895451856 3.141592653589793 3.1122465541545585 
3.3945057416294233 -1.5399578656340853 3.141592653589793 3.097573504436941 
3.4014347404843974 -2.0196741521216115 3.141592653589793 3.141592653589793 
3.5167905567229027 -3.1082056923130836 3.141592653589793 3.141592653589793 
3.502716188970489 -2.6707115475381924 3.141592653589793 3.119583079013367 
3.553626819568753 -3.141592653589793 3.141592653589793 3.108578291725154 
3.7319046049971236 -3.141592653589793 3.141592653589793 3.0920711107928343 
3.7580133435002114 -3.141592653589793 3.141592653589793 3.1333390631236337 
3.4336688493840546 -2.8894586199256374 3.141592653589793 3.141592653589793 
3.28455097157752 -2.7633916030935595 3.141592653589793 3.141592653589793 
3.17082892491962 -2.7003580946775205 3.141592653589793 3.12233427583542 
3.2601824474239094 -3.141592653589793 3.141592653589793 3.1374658583567134 
3.1389155766506205 -3.141592653589793 3.141592653589793 3.141592653589793 
3.0019161953665785 -2.715181368247185 3.141592653589793 3.141592653589793 
2.781315277534267 -2.5520561674909454 3.141592653589793 3.131963464712607 
3.332921736925744 -2.9691683111075493 3.141592653589793 3.1391853563704966 
3.2083233153406114 -3.0943088733415234 3.141592653589793 3.141592653589793 
3.2270705105511066 -3.141592653589793 3.141592653589793 3.141592653589793 
2.993304890147169 -2.911710828152616 3.141592653589793 3.141592653589793 
3.2480175252311003 -2.9548039403688158 3.141592653589793 3.140389004980145 
3.0234089323221838 -3.141592653589793 3.141592653589793 3.140990829284969 
3.088694442136018 -3.1007431793765656 3.141592653589793 3.141141285361175 
3.349432831917844 -3.141592653589793 3.141592653589793 3.1407651451706595 
3.317692078267414 -3.0277735598726903 3.141592653589793 3.1403513909610927 
3.0913044461749744 -2.970864013014139 3.141592653589793 3.1409720222754434 
3.0098513837791856 -3.0562283333019664 3.141592653589793 3.141592653589793 
3.086811557401243 -3.049114639944647 3.141592653589793 3.141359916846913 
3.030343474920561 -2.896170232762291 3.141592653589793 3.1403384611420453 
3.1778887516434704 -3.0802370483829176 3.141592653589793 3.141279105477856 
3.0877529997686306 -3.0749289096606063 3.141592653589793 3.141250601104044 
3.089058001788109 -3.009989326479393 3.141592653589793 3.141165969561178 
3.1674145413161714 -3.0019592901567314 3.141592653589793 3.140874460913529 
