2.356194490192345 1.5707963267948966 1.5707963267948966 1.5707963267948966 
2.4740042147019623 1.5707963267948966 1.5707963267948966 1.5707963267948966 
2.356194490192345 1.6493361431346414 1.5707963267948966 1.5707963267948966 
2.356194490192345 1.5707963267948966 1.6493361431346414 1.5707963267948966 
2.356194490192345 1.5707963267948966 1.5707963267948966 1.6493361431346414 
2.415099352447154 1.6100662349647692 1.6100662349647692 1.6100662349647692 
2.444551783574558 1.511891464540088 1.6297011890497055 1.6297011890497055 
2.4887304302656643 1.5609788497524288 1.5413438956674925 1.6591536201771095 
2.554998400302324 1.556070111231195 1.4873477719339183 1.703332266868216 
2.5881323853206544 1.553615741970578 1.5781594345767482 1.6076118657041523 
2.704101332884809 1.5450254495584188 1.5818409884676736 1.5867497269889075 
2.673728513284672 1.4818254410975298 1.5247769031583278 1.6352235198860936 
2.758864447012326 1.564967199800932 1.4526798061277026 1.618349731219351 
2.91602077873121 1.5915050674313536 1.3641691146667014 1.612674002304174 
2.9504202978995457 1.516416707864352 1.408271062318414 1.6981934312287992 
3.1886283394983375 1.48922689839908 1.3270084300801726 1.76189198344575 
3.1862410818971902 1.497721317011996 1.4115499462525194 1.5949373494442467 
3.323767253221101 1.5799139251028946 1.317507336575206 1.6429030112054455 
3.60322739378911 1.5341581544142433 1.1282764253196262 1.7194534462109003 
2.9288828481108844 1.542308625772375 1.4684498476806618 1.6199256567944058 
3.3977389826325473 1.463080315711819 1.3980886656275784 1.6971549981407499 
3.036450329706544 1.55939887950147 1.3726490024069207 1.633794251263318 
3.438660654050702 1.5208218842353456 1.2459075099767474 1.696837640884974 
3.056327299595839 1.5369369403881177 1.4128142632546832 1.6391536528170478 
2.9100562721278536 1.4617280925474367 1.4445034844219418 1.6719856072797357 
3.2203395079477892 1.5503674669640302 1.3492563735368899 1.650173660224018 
3.064631656477065 1.5702437756143528 1.3193140883868137 1.7475694244308202 
3.228513072052971 1.5139886611813205 1.331547575222359 1.7656001091955005 
3.0487106758643177 1.5048306708274053 1.3460858049351243 1.8069339247205416 
2.9628962598225828 1.4820622727590926 1.3445005206342415 1.8853140569688036 
3.208914572350507 1.5022080626229617 1.2491636860575517 1.9018440680792583 
3.285208208727842 1.484843623740384 1.1673383974589862 2.033189275710363 
3.2727516734060016 1.434883370901031 1.30758865976079 1.8705656182897052 
3.1166616607092994 1.5364036744360223 1.3163827312303078 1.7783184728955415 
3.0529445521582588 1.5023459919614142 1.2877727509292194 1.8588941153750451 
3.0249873910428535 1.533667301524822 1.2726940564959288 1.9111033070894434 
3.153043412266141 1.532481844445205 1.2169208074213795 1.9181460569991027 
3.2407947076992496 1.5030524852079798 1.2624259313233002 1.8174980495850304 
3.0789392202069523 1.5260135974456115 1.2701270252027717 1.8877019927133403 
2.9918798503198185 1.5464144915211653 1.2964379713342875 1.8196862509122567 
3.154655891842835 1.5132596698475127 1.2609822573767357 1.881304613787508 
3.1987055403543554 1.5517334011257617 1.244433659686378 1.8738414528227014 
3.232594032379363 1.5409256974816392 1.249232702654629 1.8381033055390867 
3.117352923250055 1.5297416224546185 1.2649034445657361 1.875302320919777 
3.0721514036798103 1.5042100044659177 1.2851609606107017 1.852694279478263 
3.167067006185719 1.5398525519608008 1.254615484917459 1.8685546594865918 
3.103789937848447 1.5160908536308786 1.274979135379621 1.8579810728143726 
3.0931867945591773 1.5152660657393109 1.3417029768548208 1.778307183209497 
3.1380792578394 1.5281778997687314 1.2481163497797398 1.8831863385517011 
3.140277344681069 1.5072313484148483 1.2081078623206083 1.9705687001411376 
3.119958790971803 1.5049838474051973 1.2563700000416107 1.9093920152796966 
3.1335491411225007 1.522379386677848 1.2501797623452076 1.8897377577337 
3.1360044075464453 1.5215006461510656 1.262942850971236 1.8783034673536425 
3.1105714305492507 1.5229162380427486 1.2699412899726785 1.8666416968670747 
3.1288151339655617 1.5184864854347335 1.2365056534431722 1.9229355105304573 
3.1277160905447277 1.528959761111675 1.256509897172738 1.879244329735739 
3.106223381608353 1.5285514073708226 1.2509872916059264 1.8937584616728815 
3.128559151061922 1.5232633364560049 1.2599539611299084 1.8821672159334524 
3.113668638092876 1.5267887170658834 1.2539761814472539 1.8898947130930717 
3.1074879723841446 1.5200067703873175 1.2561533875416824 1.8981427909694513 
3.122659061004582 1.5267215134305856 1.256420769764974 1.8839689450441672 
3.113962176899653 1.5263289302486835 1.2674223672692073 1.8709720088934259 
3.123084028607808 1.524114053944676 1.2507045490044542 1.8991189157251172 
3.1155107806714657 1.528265169760251 1.259439813006495 1.8825985170064243 
3.1225345068973915 1.5293506917831468 1.260706670869237 1.877273325327758 
3.1115961652514743 1.5327291531786742 1.2755315988508835 1.8539541703485756 
3.120212062768725 1.5262678287531757 1.2569113114660615 1.8878277293809818 
3.1144681310905575 1.5305753783701745 1.2693248363892762 1.865245356692711 
3.115904114010099 1.5294984909659248 1.2662214551584725 1.8708909498647786 
3.11643185196076 1.5290033961074347 1.2621716287861156 1.8789504189631008 
3.1147364787855594 1.5272970500044671 1.2634310901378512 1.876785262949925 
3.1190226437844286 1.5288079307716989 1.260073241937866 1.8799359211670912 
3.1178614217200953 1.5272664992567133 1.2581755622362782 1.885213123193703 
3.114989455881012 1.5294202740652123 1.2643823246978856 1.8739219368495674 
3.1157074473407826 1.5288818303630878 1.2628306340824835 1.8767447334356013 
3.1121706355948557 1.527915792345921 1.2638633410686064 1.8776035450104342 
3.1173096417370356 1.5285848961652544 1.261020766720551 1.879352827127927 
3.1151236297285125 1.527781109882359 1.261435451572173 1.8796918899781747 
3.115609114006124 1.5285735000616694 1.2611352235444893 1.8796716252210128 
3.115971316316113 1.5286342829338428 1.2608057208963053 1.8807744679847627 
3.117266712227947 1.528536550265975 1.2597565274721805 1.8812672190867579 
3.1163271054658943 1.5280350563595448 1.2595835329290874 1.882494421807047 
3.1161476076009516 1.5281696672850762 1.2599714555829378 1.8817887226605383 
3.1173245786797255 1.5290217252402136 1.258551306906786 1.8835225733910665 
3.1168890863466734 1.5290591968150649 1.2593052285579454 1.8822926660739672 
3.1175242626467927 1.5288070381069097 1.2577207170753981 1.884066019794345 
3.1162708422667142 1.5283122522338866 1.2595598361492235 1.8815896375896808 
3.1170611445764727 1.5288443569886319 1.2588034392173952 1.88303933944072 
3.116517521659129 1.5285361039335803 1.2585802650409466 1.8833322684003848 
3.116388746449706 1.528400860013113 1.2595981702393377 1.881932868046591 
3.1161999335090695 1.528662183287658 1.2593725207822202 1.8824455915401956 
3.1164176796755956 1.5286434475002322 1.2589955599566405 1.8830605451987454 
3.1159342113079234 1.5286525922277476 1.2585959091538133 1.8837855930262841 
3.115513780922898 1.5285755924543638 1.2596216364086377 1.8826128549854397 
3.115488292779872 1.5284062176836397 1.258953938480573 1.8835831635682507 
3.11602202332677 1.5285981918866534 1.2592678752068083 1.8827299845472094 
3.115964230173531 1.5284543086302416 1.2592176864815676 1.8828295311025849 
3.115512280797182 1.5284203811073074 1.2595307247075662 1.882605685995932 
3.1157224959896945 1.5284588809939992 1.2590178610801541 1.8831920550163543 
3.1158553570902674 1.5284636765239545 1.2594061668943577 1.88252205427331 
