2.356194490192345 1.5707963267948966 1.5707963267948966 1.5707963267948966 
2.4740042147019623 1.5707963267948966 1.5707963267948966 1.5707963267948966 
2.356194490192345 1.6493361431346414 1.5707963267948966 1.5707963267948966 
2.356194490192345 1.5707963267948966 1.6493361431346414 1.5707963267948966 
2.356194490192345 1.5707963267948966 1.5707963267948966 1.6493361431346414 
2.415099352447154 1.6100662349647692 1.4922565104551517 1.6100662349647692 
2.444551783574558 1.6297011890497055 1.531526418625024 1.6297011890497055 
2.4887304302656643 1.6591536201771095 1.5118914645400876 1.5413438956674925 
2.554998400302324 1.703332266868216 1.4824390334126836 1.4873477719339183 
2.5881323853206544 1.6076118657041523 1.467712817848981 1.5781594345767482 
2.704101332884809 1.5867497269889075 1.416171063376023 1.5818409884676736 
2.673728513284672 1.6352235198860936 1.5082099106491618 1.5247769031583278 
2.758864447012326 1.618349731219351 1.4572817484913587 1.4526798061277026 
2.91602077873121 1.612674002304174 1.4201594134245266 1.3641691146667014 
2.9504202978995457 1.6981934312287992 1.342693383636301 1.408271062318414 
3.1886283394983375 1.76189198344575 1.2286419120570038 1.3270084300801726 
3.1862410818971902 1.5949373494442467 1.3041521163406742 1.4115499462525194 
3.5018624226946233 1.5407398907322616 1.2150086578046695 1.3736510334118197 
3.323767253221101 1.6429030112054455 1.176352341949952 1.317507336575206 
3.60322739378911 1.7194534462109008 1.1484818285100555 1.1282764253196262 
2.9288828481108844 1.6199256567944058 1.349248754659531 1.4684498476806618 
2.786119270897709 1.6518114847888428 1.4747487562909156 1.4680813327648217 
3.189355257640253 1.6451301296012948 1.2509514455351929 1.3551508356226099 
3.3305329848421232 1.6982685573386749 1.1463377008716744 1.4169104151512801 
3.2269049333143953 1.6768699185800497 1.2147931290098875 1.4037250900301355 
3.4666819580642043 1.7194890337412652 1.1500205468118483 1.280267303312057 
3.063332625599214 1.6448165010311206 1.2994417026976104 1.4214042115885106 
3.1431982325143153 1.6941277466492888 1.272562984517395 1.4266930033530594 
3.1201197199513473 1.718626555173286 1.283368754008496 1.462464087218284 
3.1096708408827363 1.5557331786686017 1.32223593897133 1.522563237464552 
3.012777200850849 1.5801868735785778 1.3898061269991677 1.5052656512317975 
2.9667091117448834 1.6547442047815464 1.3432741449976278 1.5442986474990525 
3.1313580893591135 1.6098890632785716 1.3139326235049125 1.4447371215641527 
3.1994634370453565 1.6843457754972126 1.2196833825920068 1.4203186776859522 
3.059448759899476 1.6062265990582365 1.3472754408973775 1.4840289078453361 
3.1469660794471217 1.6004211970582274 1.3339646759934476 1.5354924654576516 
3.086744610731227 1.6306147017006043 1.329489781430413 1.557537227428759 
3.064437871417283 1.6409775209116209 1.3372683603931632 1.6139372803610619 
3.1611484959497678 1.6516526268476317 1.291143423785841 1.5831996274054387 
3.1366652425000234 1.7501057713267811 1.300636668119144 1.5749834927566662 
3.150162443308668 1.8472920676558706 1.2898370326930508 1.6011936204027233 
3.100968185866411 1.8288531882359775 1.2668441094468277 1.5949048422361023 
3.118238778319718 1.7657611466522645 1.3091777091509456 1.7341535979843794 
3.117298307503903 1.7893284423917537 1.3220821867221701 1.8699983533674267 
3.0552849080983644 1.9015729827499797 1.316872420841765 1.7568174207782188 
3.14741905097139 2.04254581960517 1.2605495144587437 1.797519838031174 
3.1889096407484434 2.2433299689519446 1.2221900914915338 1.8893111168662307 
3.1548594639632785 2.061908542638797 1.308646756427432 1.9637554134711972 
3.108013716848327 2.150777900710367 1.2950586950483998 2.1387475318388134 
3.086939353618156 2.302520817237615 1.2976695262260742 2.4075244875568584 
3.2187184748185262 2.2969709028600755 1.2584218595918402 2.308477264852638 
3.2074151590702993 2.6630366734524626 1.2213819301462698 2.4145357880060354 
3.2524735848534974 3.099890788982817 1.1710318018583195 2.6868045053253393 
3.2186610630560333 2.9094476963774287 1.166009883156452 2.6823032738293358 
3.25056186260241 3.141592653589793 1.094691446520962 3.041577204008405 
3.199486597424663 3.0610851337770226 1.2243764439248093 3.141592653589793 
3.2047750757627718 3.141592653589793 1.225469620141447 3.141592653589793 
3.1627060638267026 3.141592653589793 1.171668556099306 3.141592653589793 
3.3323685401313465 3.141592653589793 1.0694204044016882 3.141592653589793 
3.2710112435030485 3.141592653589793 1.1264826848577847 3.141592653589793 
3.17610313822078 3.067222039590587 1.1737835702691752 3.141592653589793 
3.188636697600618 3.141592653589793 1.1826923325274044 3.141592653589793 
3.0950992442023875 3.1044073465901896 1.2503243546608813 3.141592653589793 
3.007143244552058 3.085814693090388 1.3122451895624296 3.141592653589793 
3.125623014241411 3.076518366340487 1.275426800150922 3.141592653589793 
3.0681855387878922 3.043981222715834 1.3107702575345825 3.141592653589793 
3.0267602984512862 3.106731428277664 1.3881723634255154 3.141592653589793 
2.9520888785665385 3.126486122621202 1.4953667600036855 3.141592653589793 
2.9090809722535518 3.014930201622393 1.4178376851952779 3.141592653589793 
3.1308515498854668 3.109927040597943 1.2735616364049047 3.141592653589793 
3.016951771501672 3.096273060684026 1.3502087764939725 3.141592653589793 
3.0761916563463485 3.0916248973090754 1.3317995817882187 3.141592653589793 
3.0474729186195892 3.075356325496749 1.349471310480049 3.141592653589793 
3.115767687107029 3.1241620409337285 1.3068209917834812 3.141592653589793 
3.1161445087604545 3.1026642853245825 1.3379233472446597 3.141592653589793 
3.1657408773898457 3.1058598976448604 1.3317806326200028 3.141592653589793 
3.1199591567129694 3.137235000425777 1.3328868316408884 3.141592653589793 
3.156202275759659 3.141592653589793 1.3245945922213078 3.141592653589793 
3.0718816825518456 3.0971445913168294 1.3844239505563696 3.141592653589793 
3.109302726415274 3.1324415819453586 1.3857575449357076 3.141592653589793 
3.08446942386358 3.101829068468146 1.345289072575091 3.141592653589793 
3.119906570865645 3.129264126513264 1.3135657371769174 3.141592653589793 
3.0838879046302954 3.105174475115938 1.3667093972115065 3.141592653589793 
3.1361733922600568 3.122128469457188 1.3312589697329837 3.141592653589793 
3.0914812871054727 3.1241620409337285 1.3563834778234116 3.141592653589793 
3.1203358498116196 3.1217108610289697 1.3349418323981994 3.141592653589793 
3.1140419791557523 3.1193686224533113 1.3545092713888387 3.141592653589793 
3.1286136173288503 3.1319150321880413 1.3484313231850718 3.141592653589793 
3.122405291690927 3.124261903818738 1.3383142050949175 3.141592653589793 
3.146187834009858 3.1318605615234905 1.3279267809771458 3.141592653589793 
3.1351221274577057 3.1304806380215524 1.3395519318050733 3.141592653589793 
3.123841781432566 3.132877347261761 1.3404890350223597 3.141592653589793 
3.138269062785639 3.131651757309381 1.3297682123097536 3.141592653589793 
3.142407946544255 3.1367538428889175 1.3365129577031898 3.141592653589793 
3.166118310453173 3.1374665007501155 1.3238040963309985 3.141592653589793 
3.1344109136877174 3.1340246356338497 1.3363178003495193 3.141592653589793 
3.1555491781980214 3.1363192123780266 1.327975331003839 3.141592653589793 
3.1396954798152934 3.134598279819894 1.3342321830130992 3.141592653589793 
3.1511950548847585 3.136726607556642 1.3262606865992268 3.141592653589793 
3.140654980733782 3.1311705997725214 1.3337393563911095 3.141592653589793 
