2.356194490192345 1.5707963267948966 1.5707963267948966 1.5707963267948966 
2.4740042147019623 1.5707963267948966 1.5707963267948966 1.5707963267948966 
2.356194490192345 1.6493361431346414 1.5707963267948966 1.5707963267948966 
2.356194490192345 1.5707963267948966 1.6493361431346414 1.5707963267948966 
2.356194490192345 1.5707963267948966 1.5707963267948966 1.6493361431346414 
2.415099352447154 1.6100662349647692 1.6100662349647692 1.4922565104551517 
2.444551783574558 1.511891464540088 1.6297011890497055 1.531526418625024 
2.4887304302656643 1.4431691252428118 1.6591536201771095 1.5118914645400876 
2.5108197536112185 1.5266176801037905 1.673879835740812 1.50207398749762 
2.5881323853206553 1.5045283567582377 1.7254215902137702 1.467712817848982 
2.626788701175373 1.493483695085461 1.6333827429406313 1.4505322330246626 
2.762085806666887 1.4548273792307436 1.6254060428436263 1.390400186139546 
2.741377066030431 1.3765943590485756 1.680322555049932 1.4781438872066044 
2.816158629439856 1.3187632833452878 1.7743555773473227 1.3532778510727135 
2.987235836808803 1.1927467616204837 1.8761352026235354 1.2445186132116222 
3.050685117147723 1.3211793030862085 1.7944890751883227 1.2784962876632897 
3.1825595280062666 1.168145544734768 1.7627548476389379 1.2280666692615494 
3.4797730993490728 0.9999541387230328 1.7814214763515217 1.108243594967833 
3.2499060782844085 1.1918551352875264 1.849070029097279 1.0925969909313995 
3.5041705844113977 1.0994855234070018 1.933443766120953 0.8998235427937971 
3.4731074734567127 0.9821359931337499 2.015818534430411 1.0314390943943845 
3.3957193411303725 0.9462624143020557 1.957400231706759 1.019814396236188 
3.663410373630077 0.9514527821085661 1.9163866188131582 0.9414399622001386 
3.1562794710141215 1.1324232667425043 1.886198056670941 1.1687489504587512 
3.0191247357608724 1.2372071873996773 1.7118930481265475 1.2231744090495598 
3.132620420184833 1.1734393888331955 1.7878744197025134 1.175240580385766 
3.2847031273006007 1.053844557847873 1.9775165209498082 1.0001337897445026 
3.3357749269477672 0.9966940644044255 2.084897357605243 0.8861673499859792 
3.4007309122595686 1.0217022346710976 1.953422962384956 0.9181607083109151 
3.5584452091262255 0.9048175354993568 2.1345208706946055 0.783129142346475 
3.239076617420181 1.1062839254997359 1.8745360324505365 1.0772127208759432 
3.2095075696317963 1.0988455350757742 1.9295288630449527 1.11973502070384 
3.1214132550117037 1.250576915831675 1.9116159093922467 1.0680416450123928 
3.2029801062213155 1.0343450851182787 2.0512190521492104 0.9829813773576781 
3.17951712018977 0.9555900600336549 2.152293563675176 0.9281735705708174 
3.240114883168687 1.0951044603512834 2.031605312753666 0.8874665259121568 
3.255418539937132 1.0932339229890378 2.082643537608022 0.771332278516315 
3.3875600118672713 0.8656368518551867 2.1095129680870808 0.8488723420534858 
3.3441383466823393 0.8896063053648513 2.264081312847064 0.7255310767787067 
3.3966692113134185 0.781267495297409 2.4588539530453275 0.5496902547300886 
3.1739441196427824 1.1422381057642328 2.1063885495905112 0.8922008229637746 
3.227348092698904 1.0730877922869713 2.107169654214654 0.8813687027362024 
3.171515787437855 1.0493777571562668 2.142140308377055 0.8525064914063927 
3.2520264690561933 0.9611290117083691 2.137353338848844 0.8428740329912648 
3.264365657234838 0.905149621419068 2.1524451811659393 0.8236266981187963 
3.3009176369512216 0.9632636821721066 2.236371084264104 0.6712076861865823 
3.294184236895118 0.8365839178495136 2.358367709414867 0.6585931177693167 
3.424117557354581 0.7759137013911537 2.3559464143103845 0.5965964654565428 
3.2346662299170363 0.9810117432149885 2.1955918348603873 0.7885289849189302 
3.2615900043241224 0.8709018068967549 2.2413260137214777 0.836555920042527 
3.34130329856185 0.7980987776947559 2.3049723525557395 0.7432480888719774 
3.2613254970782397 0.9352835018349304 2.2229369642842256 0.777208760907192 
3.2980824078692663 0.9253676585366102 2.200717325847954 0.7842025548849858 
3.273105352975656 0.8988564647789413 2.2478605241318554 0.7507335753802908 
3.2568082366901576 0.916015409302562 2.1893396762851607 0.8397149765168959 
3.2433463494866146 0.9710703774616788 2.1664725868546157 0.8157015089550975 
3.2145607962350446 0.9481679730891655 2.169795737212284 0.8403094920367886 
3.2549040779919114 0.8910140519778401 2.205702051384456 0.8211145295075225 
3.246235781612939 0.9510562960907192 2.176279952987076 0.8170547640932038 
3.299527123932428 0.9153606178511304 2.2056210089141848 0.7848791824540389 
3.2541934526702034 0.9729242026974488 2.1064364643857774 0.8915279026474106 
3.2691831769457247 0.9842196548712717 2.1235057062827805 0.8284529645760632 
3.266089441881833 0.9671685934790943 2.1399641987833755 0.8312684675612715 
3.2599019717540494 0.9330664706947394 2.1728811837845656 0.8368994735316876 
3.2066517136142636 0.993727372744508 2.090854461088947 0.9092989041777444 
3.276308271352887 0.9349523065744748 2.1769293719578755 0.8159841128849652 
3.249131125334566 0.9560926538995441 2.15681664591796 0.8299643985422342 
3.2559642204051213 0.9470977412015542 2.155117261316705 0.8398867532614762 
3.253109960863198 0.967026607202909 2.1218949016173108 0.8672009678193378 
3.275776796494311 0.9382448147797497 2.1714871738815145 0.8138766077226518 
3.269307598074845 0.950656433546747 2.1361096919142266 0.8519547823551312 
3.239427327705368 0.9747100820500398 2.1037504229670283 0.8870816604909533 
3.266689429297075 0.9473611315973223 2.154552986152893 0.8321778709147272 
3.2445874417359493 0.9606508123083303 2.1483495520536504 0.8391150301382717 
3.263127558990121 0.9531550282371428 2.1391696569490826 0.8487448443009163 
3.253995344730657 0.9541133764549616 2.1462353000827745 0.8413803931263706 
3.2593579491766342 0.9542450716528457 2.1459531625008683 0.8375259519529961 
3.2525682149596955 0.964077809455639 2.1296241202330775 0.8550375004053012 
3.260667033565519 0.955892722627558 2.1367315153815354 0.847414407673198 
3.250270581979398 0.9633613884704184 2.129018974772247 0.8558272151450714 
3.2525424237787073 0.9610823092660252 2.1332525217044025 0.8512518993470527 
3.2448991926971074 0.9643085308149397 2.1365011250530137 0.8478575052617969 
3.2492021869431182 0.9607320549509295 2.141604420404452 0.8423228165453139 
3.25170736456981 0.9609947456872513 2.135340496379415 0.8490196286466181 
3.24846283087665 0.9627187712616544 2.1369272319509287 0.8453657691265308 
3.253010906893425 0.9576211940816654 2.1417943194658093 0.8421272130588178 
3.252297342007944 0.962603410582004 2.133488729540961 0.848955766698283 
3.25228444641745 0.9611056604871971 2.135302930276623 0.8470629661691588 
3.2505949846139144 0.958683908187439 2.142200180730142 0.839759223974603 
3.249763149302641 0.9589707821323669 2.1438346052212385 0.8380001534064495 
3.247412810031274 0.9631300425632493 2.1383633589097677 0.8408723766906063 
3.251611382677887 0.9589984062020613 2.140936579326799 0.8418135039667649 
3.2513107268350536 0.959906459947904 2.139776759789493 0.8413166284829339 
3.2502446499664215 0.9619238914850117 2.1371402853998864 0.8441199010588978 
3.2508948091794174 0.9600498969203679 2.1405939720350413 0.8404370931988572 
3.252518687974809 0.9593751028950173 2.1395738291573267 0.8425006230250414 
3.252155457736821 0.9611173360977832 2.1363281345627336 0.844968499580212 
3.250349963822435 0.9626632467245166 2.1357254301431516 0.8441389080316131 
3.24981044710323 0.9616939688351174 2.138669772527954 0.8412562357021429 
3.251346182658015 0.9596634192636844 2.1407446481399375 0.8406444910860067 
