2.356194490192345 1.5707963267948966 1.5707963267948966 1.5707963267948966 
2.4740042147019623 1.5707963267948966 1.5707963267948966 1.5707963267948966 
2.356194490192345 1.6493361431346414 1.5707963267948966 1.5707963267948966 
2.356194490192345 1.5707963267948966 1.6493361431346414 1.5707963267948966 
2.356194490192345 1.5707963267948966 1.5707963267948966 1.6493361431346414 
2.415099352447154 1.6100662349647692 1.6100662349647692 1.6100662349647692 
2.444551783574558 1.6297011890497055 1.511891464540088 1.6297011890497055 
2.4887304302656643 1.5413438956674925 1.5609788497524288 1.6591536201771095 
2.554998400302324 1.4873477719339183 1.556070111231195 1.703332266868216 
2.5881323853206544 1.5781594345767482 1.553615741970578 1.6076118657041523 
2.704101332884809 1.5818409884676736 1.5450254495584188 1.5867497269889075 
2.673728513284672 1.5247769031583278 1.4818254410975298 1.6352235198860936 
2.758864447012326 1.4526798061277026 1.564967199800932 1.618349731219351 
2.91602077873121 1.3641691146667014 1.5915050674313536 1.612674002304174 
2.9504202978995457 1.408271062318414 1.516416707864352 1.6981934312287992 
3.1886283394983375 1.3270084300801726 1.48922689839908 1.76189198344575 
3.1862410818971902 1.4115499462525194 1.497721317011996 1.5949373494442467 
3.323767253221101 1.317507336575206 1.5799139251028946 1.6429030112054455 
3.60322739378911 1.1282764253196262 1.5341581544142433 1.7194534462109003 
2.9288828481108844 1.4684498476806618 1.542308625772375 1.6199256567944058 
3.3977389826325473 1.3980886656275784 1.463080315711819 1.6971549981407499 
3.036450329706544 1.3726490024069207 1.55939887950147 1.633794251263318 
3.438660654050702 1.2459075099767474 1.5208218842353456 1.696837640884974 
3.056327299595839 1.4128142632546832 1.5369369403881177 1.6391536528170478 
2.9100562721278536 1.4445034844219422 1.4617280925474372 1.6719856072797357 
3.2203395079477892 1.3492563735368899 1.5503674669640302 1.650173660224018 
3.2893177847630337 1.3776655041552115 1.4777274318801419 1.6892840717022135 
3.0996671934706663 1.3739031278439935 1.538981017596138 1.647666706373042 
3.096240088359126 1.31994115110535 1.5600348446616867 1.7545056519856823 
3.051239591590093 1.2741367535317654 1.5911916084865316 1.8342898032564001 
3.0000919525141954 1.3675771126052094 1.512222383558481 1.751435337086743 
3.165277619089391 1.3538365583039698 1.5408311961126429 1.6754890794396993 
3.2185793206129216 1.2745303704120599 1.527600037996656 1.7806230578050388 
3.0968903048501097 1.3782432900440273 1.5346027147902523 1.6745210040640455 
3.1738509824278163 1.3156115869227665 1.523366809385693 1.7855371530945465 
3.210942876906392 1.2864658164621527 1.5155597052804701 1.8544723764552984 
3.0775011578648845 1.3568078631078841 1.5901908840760575 1.6831344608462366 
3.1608465440899742 1.3344582883371006 1.5144678948183243 1.7422026027958717 
3.2012173121330445 1.283680502290566 1.5347476576989214 1.8043462395938543 
3.15079984441559 1.2730092060239218 1.5254774071696695 1.867806744295278 
3.2471172531740864 1.2834386406818274 1.4889950398746175 1.8454407179040926 
3.1339593795628664 1.3108155234994694 1.5422748934649193 1.7772394184652849 
3.155823194252782 1.303733747180511 1.519972650993997 1.8050046735455747 
3.1673487632588953 1.3250349376299335 1.5189173521020085 1.763869877945209 
3.1810319281115094 1.3090693953138333 1.5246077762586228 1.773274421194863 
3.12854331622455 1.3271997197212253 1.5372513697400056 1.748354127390777 
3.125248980801591 1.336143951120552 1.5206968575685447 1.7564412196438532 
3.1760904249770707 1.3224857424128234 1.4997760080014317 1.7854050595744777 
3.1404300934126805 1.3260212253941248 1.5278825293053622 1.7576168604367022 
3.1583348691713784 1.3190960177588058 1.5172202729061608 1.7736036381707232 
3.1405360875271864 1.3199388491505315 1.5203347542812709 1.780722946594714 
3.1615859787558387 1.3143843424052224 1.5194450015480028 1.784437275745392 
3.142183255238666 1.3154667334508683 1.5286120103670013 1.7766794004681759 
3.1417293887158584 1.3076658183347607 1.5269619356889752 1.7998185100062052 
3.160124820954387 1.3006864715351496 1.5271610450177175 1.8022469832879597 
3.1681292358849786 1.309469828951115 1.5206334182743841 1.7843656565173458 
3.1483293505081384 1.3081168209888494 1.5253798063353274 1.7959552966339905 
3.170748416996907 1.2979939576039978 1.517367241580521 1.8171427141382825 
3.1850309978760283 1.2892575696805624 1.5117448571872814 1.8373743709733357 
3.1581186493024465 1.3114279625541407 1.5139213052112064 1.7990229967436604 
3.1596232780414018 1.3033718442898974 1.5238511100660896 1.801440986651885 
3.166167197876373 1.3061891500046101 1.518406121564262 1.8007899949418373 
3.1632858056248443 1.3008638523922544 1.518669946287259 1.8110736938419287 
3.1595388837525227 1.3030553892964236 1.5213735239579242 1.8065490053861364 
3.165436618975647 1.2993402145695736 1.5222641432991193 1.809694848713121 
3.1676597531758803 1.3024255033450485 1.521035568913654 1.8060145877477596 
3.1665662662881213 1.30203509060685 1.5204441632570553 1.807279364271302 
3.166073763481315 1.3052965791863675 1.516531381880762 1.8061856906556581 
3.165595905102064 1.300829305723772 1.52083095294453 1.8088175591987552 
3.1750000093792097 1.3004683626731914 1.51715071571526 1.8104658108889522 
3.1634041651591946 1.3024086326406157 1.5203178218972582 1.8075282067618403 
3.1681721610494855 1.2994116316638848 1.5190990972625256 1.8129801366685188 
3.166081085695093 1.301432198165311 1.5206375581007927 1.8080484617350288 
3.1658815514892185 1.303509227864191 1.519618537254396 1.8048037770702963 
3.1625673944272936 1.301942347510098 1.5211022384512272 1.8076832822924458 
3.16532672164775 1.298298513667342 1.5212163861251415 1.813960942877078 
3.165742844028851 1.3022065493149788 1.5200179994720824 1.8070930685219917 
3.170228603510454 1.299997494923875 1.519190565438738 1.8107863307697012 
3.1644826966980837 1.3014561343635422 1.520624320198105 1.8084590444117596 
3.168313301239664 1.3004837080704308 1.5196684836918604 1.8100105686503873 
3.1654403478334787 1.3012130277902645 1.5203853610715439 1.8088469254714166 
3.1668840330757746 1.3001204686938284 1.5199650251035277 1.810898847933637 
3.1669575025391685 1.3008090904894318 1.519558548367304 1.8100366025952552 
3.1671266233722895 1.300421914914598 1.5198683276816591 1.8105142992017738 
3.1663274288737844 1.3004338830137137 1.5198617087303152 1.8107195905401392 
3.1682427311445744 1.2999476698671577 1.5193837904771932 1.8114953526594535 
3.168255271781894 1.2991417520803028 1.519599571895149 1.8129077156364364 
3.16728194484985 1.3003922558871497 1.5195688042492652 1.8107543808555504 
3.1681638116875535 1.2995140981414122 1.519140030864597 1.8125500598568063 
3.167008244186758 1.2997715573259798 1.5195026882627645 1.8120963599978026 
3.166391000707849 1.2996835010553909 1.51956213715555 1.8123968636669776 
3.168429047811049 1.299424302815385 1.5186902852160484 1.813291620755702 
3.1672818872610176 1.2999857757047875 1.5192904066307047 1.8120111892819806 
3.1675023683676513 1.2998678563139436 1.5192528126891776 1.8121459069256871 
3.167145094518304 1.3000819066065648 1.5195357462560148 1.8114253704266765 
3.167590202618122 1.2995915944949323 1.519300892762645 1.8125382483331607 
3.1677186459989035 1.2995979300706824 1.5190964867394063 1.8126939903767523 
3.1675860279371557 1.299642827733696 1.5193213595636808 1.8123232099273046 
3.167145065723888 1.2998786665153836 1.5193965474467346 1.8120537746398915 
3.167255306277205 1.2998197068199615 1.5193777504759711 1.8121211334617449 
