2.356194490192345 1.5707963267948966 1.5707963267948966 1.5707963267948966 
2.4740042147019623 1.5707963267948966 1.5707963267948966 1.5707963267948966 
2.356194490192345 1.6493361431346414 1.5707963267948966 1.5707963267948966 
2.356194490192345 1.5707963267948966 1.6493361431346414 1.5707963267948966 
2.356194490192345 1.5707963267948966 1.5707963267948966 1.6493361431346414 
2.415099352447154 1.6100662349647692 1.6100662349647692 1.6100662349647692 
2.444551783574558 1.6297011890497055 1.511891464540088 1.6297011890497055 
2.4887304302656643 1.5413438956674925 1.5609788497524288 1.6591536201771095 
2.554998400302324 1.4873477719339183 1.556070111231195 1.703332266868216 
2.5881323853206544 1.5781594345767482 1.553615741970578 1.6076118657041523 
2.704101332884809 1.5818409884676736 1.5450254495584188 1.5867497269889075 
2.673728513284672 1.5247769031583278 1.4818254410975298 1.6352235198860936 
2.758864447012326 1.4526798061277026 1.564967199800932 1.618349731219351 
2.91602077873121 1.3641691146667014 1.5915050674313536 1.612674002304174 
2.9504202978995457 1.408271062318414 1.516416707864352 1.6981934312287992 
3.1886283394983375 1.3270084300801726 1.48922689839908 1.76189198344575 
3.1862410818971902 1.4115499462525194 1.497721317011996 1.5949373494442467 
3.323767253221101 1.317507336575206 1.5799139251028946 1.6429030112054455 
3.60322739378911 1.1282764253196262 1.5341581544142433 1.7194534462109003 
2.9288828481108844 1.4684498476806618 1.542308625772375 1.6199256567944058 
3.3977389826325473 1.3980886656275784 1.463080315711819 1.6971549981407499 
3.036450329706544 1.3726490024069207 1.55939887950147 1.633794251263318 
3.438660654050702 1.2459075099767474 1.5208218842353456 1.696837640884974 
3.056327299595839 1.4128142632546832 1.5369369403881177 1.6391536528170478 
2.9100562721278536 1.4445034844219422 1.4617280925474372 1.6719856072797357 
3.2203395079477892 1.3492563735368899 1.5503674669640302 1.650173660224018 
3.2893177847630337 1.3776655041552115 1.4777274318801419 1.6892840717022135 
3.0996671934706663 1.3739031278439935 1.538981017596138 1.647666706373042 
3.291110761811153 1.3180446756021047 1.5012114095975047 1.6881811969264806 
3.115023165149667 1.3891218663415386 1.5280055576904643 1.651410538844406 
3.0744403820601414 1.4015353117222222 1.4765999283848088 1.6777796288297042 
3.0526384581922166 1.334234421741444 1.5186853840232497 1.7744370793022042 
3.115697978979515 1.352046887098695 1.4672778666526631 1.7850929088379903 
3.12371337173394 1.341118766726046 1.4314262911809257 1.853806010070464 
3.1655612852269397 1.2942064307223782 1.507072137262051 1.842993177001708 
3.2111217368103384 1.2405419902224564 1.5223082417006717 1.9255999510877095 
3.15024756217605 1.259162158293482 1.4451997977421889 1.965153586065657 
3.1678597606892414 1.1941823042694537 1.4037969177680507 2.1220251096762826 
3.270242920382012 1.2440235441575815 1.3970757382818042 2.015921060794898 
3.1070395737396654 1.3116817023454783 1.4882829725878883 1.8348080746753777 
3.093458656196556 1.2435861719515056 1.4260622610003781 2.064924202266166 
3.1682569631836732 1.2248651344892134 1.3958958310178144 2.107066174831933 
3.173854960914264 1.1373012539902296 1.4349872823432213 2.214698321817581 
3.1361538852649278 1.105761001627823 1.3232990088026813 2.4113637272942734 
3.2296041288294974 1.0874686752368543 1.3529272589655057 2.362652464543869 
3.195567760671262 1.126498049415517 1.371211009474224 2.288220398974443 
3.1708573608017527 1.1657417791298417 1.419392100055636 2.168361715746932 
3.152006822977085 1.1499716529486383 1.363547963285366 2.2666944184852778 
3.168058361936457 1.2095237193793336 1.3998463743929326 2.114545642254108 
3.1306592084428986 1.2188842381104796 1.4149295893842144 2.0934746559712245 
3.138434716221088 1.220539178224111 1.3716683223596458 2.1300081974465144 
3.1222233939307564 1.2479378777712458 1.3478064335116509 2.110831438296305 
3.1264218922286995 1.1822649673970076 1.3771250220057059 2.191555548535542 
3.1296809658138782 1.2579636910518877 1.4202119624734426 2.001837337329504 
3.1352624301046803 1.2309656815260754 1.4060459626764237 2.0680516076184476 
3.1531472384551646 1.2073607412467824 1.3877326200638482 2.1260166535613987 
3.134546962331993 1.2197117081672952 1.3932989558719302 2.1117414267088694 
3.1324283042248937 1.2014020728105592 1.3743966721826757 2.160781872991028 
3.1452207695990864 1.1852554155863748 1.367608142822506 2.198351307965896 
3.150068551918123 1.1875669957666184 1.3574039228424075 2.195837589273549 
3.161007333871837 1.1989590926013838 1.367809831861528 2.164325001132651 
3.1488364771554647 1.2184902180627075 1.390005535711356 2.1135129907796815 
3.1436024099685733 1.204261210990506 1.3608132963136697 2.177082095100973 
3.145296137674828 1.1860172306384804 1.3439442609673184 2.221370310043336 
3.1479513922853055 1.2103719712066507 1.3784902170253468 2.140477320595595 
3.1418277429100874 1.202897296905243 1.3696382325910759 2.164179752706205 
3.1497210250464622 1.2097491354127474 1.3697390771105868 2.1471665992895828 
3.1410185630948306 1.2124001946073086 1.3662408093366576 2.1535451462737436 
3.1436355966882763 1.2195146981434093 1.380836929035501 2.121760594113098 
3.141865426947957 1.2032782044312957 1.3578062916634823 2.1756892537449244 
3.142307969383037 1.207337327859324 1.3635639510064872 2.1622070888369676 
3.1320734707580584 1.2118378633852458 1.3658165805363462 2.157803493342132 
3.1343692771089944 1.21649993870163 1.3731180214053758 2.1405612060473302 
3.1403232963145262 1.2096279805699006 1.3659524686062094 2.156795618139558 
3.1340972802841636 1.2243053114880402 1.3652008578283534 2.1348964748947687 
3.1398951272536064 1.2082493005509423 1.3685288889003953 2.1568589332533463 
3.1477623806839663 1.2135704635908857 1.3703786640651079 2.1408004542144488 
3.143232097312219 1.2177515879167236 1.372455873724694 2.1338107474544685 
3.1410504965639494 1.2116588824066064 1.3675783198858307 2.1510494004682856 
3.1442379510283103 1.2208350588635137 1.3694041689232257 2.1308426659481494 
3.1409808331972826 1.2113957401290851 1.3687477089061029 2.150354866427047 
3.143047750034634 1.2172939058690888 1.3709394324479263 2.1363049317125915 
3.141549809931621 1.213067638272227 1.3684185980263546 2.147363283279362 
3.1397077747091853 1.215967459176598 1.3702080156328744 2.140181531936781 
3.139726639657959 1.2164696864157098 1.3689545658481517 2.141776671860129 
3.143098548452527 1.2170548209074985 1.3710234932123768 2.1354043258304816 
3.1397426063925185 1.2160990303153587 1.3696233211227382 2.1405287989574 
3.135707320037848 1.2174828561583904 1.3692036192693284 2.14084327426993 
3.1370695690223602 1.218574575521519 1.3713970733441416 2.1340042294451833 
3.1377338366812597 1.2180483532450666 1.3707864464701438 2.1359473400489195 
3.139088661306803 1.2183191042697348 1.370645821741192 2.135268498201957 
3.137071018129468 1.2190110171912507 1.370435970814487 2.135425735858222 
3.1390712454651366 1.2182533187003546 1.37093816899626 2.1350948646916477 
3.1390806779395235 1.2185044323199103 1.3703114441038986 2.1358924346533215 
3.1407666323368084 1.218796999565805 1.371345907786011 2.132706261638498 
3.139587974674475 1.219727860135356 1.3714860998817153 2.1315823810130334 
3.1373206748133025 1.219715395124061 1.3708561098847492 2.1335826772637603 
3.139905142955932 1.219026598455369 1.3712234583106957 2.1329253655448137 
3.1390113454477815 1.2201335191797336 1.3715772111206805 2.130795289229774 
3.1387576970803055 1.2195218052720107 1.3709898832317722 2.132950316049918 
