2.356194490192345 1.5707963267948966 1.5707963267948966 1.5707963267948966 
2.4740042147019623 1.5707963267948966 1.5707963267948966 1.5707963267948966 
2.356194490192345 1.6493361431346414 1.5707963267948966 1.5707963267948966 
2.356194490192345 1.5707963267948966 1.6493361431346414 1.5707963267948966 
2.356194490192345 1.5707963267948966 1.5707963267948966 1.6493361431346414 
2.415099352447154 1.6100662349647692 1.4922565104551517 1.6100662349647692 
2.444551783574558 1.6297011890497055 1.531526418625024 1.6297011890497055 
2.4887304302656643 1.5413438956674925 1.5118914645400876 1.6591536201771095 
2.554998400302324 1.4873477719339183 1.4824390334126836 1.703332266868216 
2.5881323853206544 1.5781594345767482 1.467712817848981 1.6076118657041523 
2.704101332884809 1.5818409884676736 1.416171063376023 1.5867497269889075 
2.673728513284672 1.5247769031583278 1.5082099106491618 1.6352235198860936 
2.758864447012326 1.4526798061277026 1.4572817484913587 1.618349731219351 
2.91602077873121 1.3641691146667014 1.4201594134245266 1.612674002304174 
2.9504202978995457 1.408271062318414 1.342693383636301 1.6981934312287992 
3.1886283394983375 1.3270084300801726 1.2286419120570038 1.76189198344575 
3.1862410818971902 1.4115499462525194 1.3041521163406742 1.5949373494442467 
3.5018624226946233 1.3736510334118197 1.2150086578046695 1.5407398907322616 
3.323767253221101 1.317507336575206 1.176352341949952 1.6429030112054455 
3.60322739378911 1.1282764253196262 1.1484818285100555 1.7194534462109003 
2.9288828481108844 1.4684498476806618 1.349248754659531 1.6199256567944058 
3.3977389826325464 1.3980886656275784 1.109038149079054 1.6971549981407499 
3.036450329706544 1.3726490024069207 1.3423790973381584 1.633794251263318 
2.846334046385377 1.472321276634931 1.4358585982477314 1.6623716092684147 
3.2044089515121703 1.3562108215901372 1.2412289060243968 1.6477701607211879 
3.3789815031962362 1.265259252484213 1.2089522612205852 1.6992712156428453 
3.0414075118822224 1.4176521988815496 1.3141746312997946 1.6397620465065157 
3.0219546799799764 1.408218967220444 1.3534449724934188 1.6674226546087274 
2.9543984622346295 1.4780266273005442 1.4284334966790193 1.506066167465654 
3.1300708701824105 1.3647629793852656 1.2785898082125078 1.6979355294507261 
3.1751302168542077 1.375088096242684 1.2662028541021488 1.615791933723676 
3.005288382415502 1.3535261922056905 1.2965210791356307 1.6987045310278708 
3.141002907026768 1.3970440077408122 1.3022443570394133 1.6208791448401527 
3.20735542326626 1.404624638718235 1.238226727988774 1.653390075997217 
3.0847881393246235 1.4169538161202473 1.3004149081680962 1.6901914646736298 
3.2402011580178085 1.3740405221007304 1.245563269404601 1.6914360609743473 
3.190502746483912 1.3849434412959352 1.2627161098783994 1.6785175573573896 
3.091105923416119 1.4067492796863448 1.2970217908259962 1.6526805501234734 
3.016128496708701 1.3881304027480998 1.350908704134233 1.6774532685467738 
3.1595486916268705 1.4005010797257014 1.2663972220251387 1.6594058741346063 
3.0917539052482437 1.3974395697179673 1.2689675075764562 1.7292275643510648 
3.128690656582137 1.397142898235101 1.2939251446736741 1.6479662497178809 
3.1604432554419017 1.3829311070468133 1.2726417507137122 1.6950690088649478 
3.0924477691386656 1.3803943206680125 1.3063885838588565 1.706175252218986 
3.0575554621720165 1.3966959001575 1.3170174717428549 1.6760652391656634 
3.1347213071244306 1.386372305324485 1.2837356809709979 1.6903180664401267 
3.0832774104894876 1.3932547018798283 1.3059235414855692 1.6808161815904845 
3.121860332965695 1.3880929044633208 1.2892826460996407 1.687942595227716 
3.1293807633822737 1.3809529388101833 1.286257476443091 1.6729508895843035 
3.1105692128604012 1.3887686094515568 1.3001568642662653 1.6770707509684333 
3.10673939795338 1.4070483571776742 1.2971700264208852 1.6690788571957553 
3.1317059818532837 1.391757601779793 1.288830412822336 1.6691421580790038 
3.105984033535812 1.3951988000574647 1.2999243430796217 1.664391215654183 
3.093123059377077 1.3969193991963 1.3054713082082645 1.662015744441773 
3.130572935226932 1.3739832660994784 1.292961887810441 1.6621106957666452 
3.112697782271768 1.3987820844081251 1.2961179917682741 1.667336816838478 
3.127807405025594 1.3972697513038803 1.2879556137160655 1.649251834928989 
3.1148787609016995 1.3908938949146377 1.2971065516287155 1.6701160219585722 
3.1017448532634346 1.410055899997481 1.307279539132052 1.6519542625002532 
3.122471785852564 1.3882286791070078 1.2915129921153312 1.667701732813291 
3.120043368219441 1.3987823359892118 1.2936336841897353 1.653581985553344 
3.118752216390005 1.3968102257205683 1.2945019010494803 1.657715494654651 
3.1173373450589743 1.3961708491462828 1.296924743876648 1.656178732686032 
3.10934090790379 1.396990442232795 1.298021167423948 1.6658640162463305 
3.114227909694188 1.391713739582236 1.2957186675974763 1.6660464742337369 
3.110431397218756 1.393046347486051 1.2985154473541685 1.6672536188063776 
3.1073189321644783 1.3989894798790607 1.3009741832697164 1.6607973174627246 
3.11119494608522 1.394712296051635 1.3001481913661292 1.6584464260583278 
3.1104862312034864 1.3994893650811706 1.3004702834418893 1.652653227124256 
3.1093683248961552 1.4002119510303546 1.2989985854678086 1.65856382040527 
3.110738290787954 1.3960872097963148 1.299860789891549 1.6584757746450633 
3.106651482850145 1.3970941399682628 1.3004492631746691 1.6625942665584539 
3.111660689297393 1.3956848246018736 1.2984245434781347 1.6602849741701076 
3.108235132369649 1.3973440825693175 1.3001973132607554 1.6585222213892195 
3.108589489810516 1.3949555480545497 1.3000362672228754 1.6614188208562553 
3.1030693799856683 1.3966114607229239 1.3018790498908261 1.663178288058948 
3.1062875350006784 1.3949608057338652 1.3005692235523703 1.6611610064208486 
3.1065604958877784 1.3965608064096635 1.3004792532690943 1.6622359515240526 
3.106378521963045 1.3954941392924645 1.300539233457945 1.66151932145525 
3.1064240154442286 1.3957608060717641 1.3005242384107325 1.661698478972451 
3.107109582952731 1.3962714413133912 1.3000608281701886 1.661456718521701 
3.107286761673164 1.395077174056007 1.2999803051512484 1.662905018255219 
3.1045267067607405 1.3959051303901941 1.3009016964852238 1.6637847518565656 
3.1062722647117953 1.395879803233564 1.300201798174358 1.6633135835891177 
3.1049253003880253 1.3947590125552236 1.3004432432750375 1.6657405661558418 
3.107707473393658 1.3945522645609354 1.299373148354909 1.664390439970615 
3.106679519783534 1.3939138223812515 1.29965872175605 1.6654000364288117 
3.10637407847973 1.3953883080204859 1.300066029069781 1.6638351967990412 
3.106845753464735 1.3948755323092001 1.2996487457172652 1.664390827812399 
3.1054546669619185 1.3949789063063442 1.3001837931773297 1.6650658909050122 
3.106635397604488 1.395137987056736 1.2999523241154352 1.6636481169547008 
3.106128149123804 1.3955393016455142 1.3000630706269898 1.6638523996216503 
3.1063317766596734 1.3945563112193584 1.299791532417836 1.6648956260414973 
3.107443813670436 1.3949054090150352 1.2994746794877492 1.6635970023263775 
3.105951953639048 1.394960531983517 1.3000065147549345 1.6646986687603536 
3.106157905097743 1.3948775556384114 1.2998579377487287 1.66464342084784 
3.1063097155701502 1.3951683935571002 1.2999383335975283 1.664019666304442 
3.1064148935002738 1.3950371661833323 1.2997865443984433 1.664391021733291 
3.105719350248865 1.3950888531819046 1.3000540681284756 1.6647285532795975 
3.106713923603124 1.39505210453625 1.299699511283685 1.6639941089902806 
