2.356194490192345 1.5707963267948966 1.5707963267948966 1.5707963267948966 
2.4740042147019623 1.5707963267948966 1.5707963267948966 1.5707963267948966 
2.356194490192345 1.6493361431346414 1.5707963267948966 1.5707963267948966 
2.356194490192345 1.5707963267948966 1.6493361431346414 1.5707963267948966 
2.356194490192345 1.5707963267948966 1.5707963267948966 1.6493361431346414 
2.415099352447154 1.6100662349647692 1.6100662349647692 1.4922565104551517 
2.444551783574558 1.6297011890497055 1.511891464540088 1.531526418625024 
2.4887304302656643 1.5413438956674925 1.5609788497524288 1.5118914645400876 
2.554998400302324 1.4873477719339183 1.556070111231195 1.4824390334126836 
2.554998400302325 1.6051574964435353 1.556070111231195 1.4824390334126836 
2.5218644152839946 1.5339807878856413 1.6370642968315567 1.497165248976386 
2.604699377829819 1.5155730184310139 1.5523885573402696 1.5388895264068752 
2.611142097138939 1.5272312724189452 1.5824545807828287 1.4443963098731194 
2.6797110383574276 1.5054487452309697 1.588283707776795 1.3811963014122313 
2.5179527642748862 1.5773924441828058 1.618809925455718 1.397456497763819 
2.5988319013161565 1.5806905028767604 1.5250070002765117 1.3893263995880245 
2.5876146668047424 1.4972802975354789 1.5904696303995318 1.3574962982393974 
2.603922800055951 1.4433416980814506 1.6076693899837 1.2950249306527546 
2.711478821736546 1.5120927995185007 1.6089061619939335 1.219610600168327 
2.7790195164581544 1.4433944286710347 1.546123204559752 1.2451226181468495 
2.9095528925497884 1.3763954209151494 1.509779844111769 1.1689556783383646 
2.788234186987884 1.3714483328742175 1.6504842318805788 1.1811508256020566 
2.7616166242618405 1.3796898843416319 1.6183077864321875 1.0892581858727626 
2.6397846942683625 1.517811072432091 1.5400190396042075 1.2433573418182902 
2.7511218138080036 1.408039017763686 1.622867933811486 1.1967024546561151 
2.736361555555429 1.3251397149104007 1.5885779953996293 1.1934434944959138 
2.6893384343576834 1.387743845238573 1.5574712543761484 1.2147221599280251 
2.7356759689454235 1.4029652246324078 1.6065187639526517 1.2012073809740926 
2.902414032554473 1.3322529281962874 1.5720944851884102 1.0694909090920546 
3.051659648803735 1.2767085432537062 1.5543070327907653 0.9567238983117043 
2.927624323679148 1.4262393255389894 1.574050398468049 1.0527125471567906 
3.024284087656016 1.3600508662702735 1.5398754471727254 0.9707012437699609 
3.168588147011312 1.3385936870892063 1.506553788782762 0.8554481751678948 
3.1296771640366865 1.3735066975253698 1.4888702550634583 1.02337196781989 
3.2876030956296383 1.2748582876231347 1.5324283621877468 0.7566322103823233 
3.541894885215381 1.1905902170991842 1.5255809410017438 0.5123870065000604 
3.31898767438389 1.216322871797253 1.483690150139299 0.8010021129851488 
3.328616362049381 1.3356608183543095 1.4681250744908496 0.8191298691669573 
3.1208988271151465 1.291446612028857 1.5327615432157864 0.9223253910255176 
3.303295385006764 1.2455905797101938 1.5080592561635229 0.778817161683736 
3.155943591642827 1.317454576946704 1.536151904680236 0.8636667270761421 
3.2086401298331624 1.3241824925742522 1.5106493086256025 0.8900020891011067 
3.1696313722166867 1.2757834154384204 1.543367697489256 0.8566780543470138 
3.2495965924147954 1.232660937284974 1.5493543016347784 0.7378949876435008 
3.328587960130326 1.2594987753440827 1.519629214843886 0.7118274890458374 
3.408066254087146 1.2513564552969139 1.5077599735212006 0.6394022063952494 
3.2075702349020285 1.296645708889254 1.5607226355098007 0.7561935453901658 
3.2402558487376143 1.3415677371166137 1.5251117569760562 0.8062649983037335 
3.2472614064955003 1.2598876372428838 1.543293665470098 0.7549874903085589 
3.2425910346569093 1.3143410371587039 1.5311723931407366 0.7891724956386754 
3.2460938135358526 1.2735009872218388 1.5402633473877576 0.7635337416410881 
3.2680790975161775 1.2780722421166684 1.5401759251768432 0.7340105172180016 
3.308095527879982 1.2671785314836086 1.5260287885158164 0.7342298497140803 
3.2422657758865765 1.2884766761453934 1.527890559762061 0.7877471080609897 
3.287924683312913 1.2596932062934831 1.531461440156992 0.7334074896771982 
3.255333230543015 1.2756919184662054 1.5335497814540746 0.7492664522869329 
3.2949049535457404 1.2693068782292578 1.527909036750381 0.7379890003572935 
3.268523804877257 1.2735635717205562 1.53166953321951 0.7455073016437197 
3.2883096663786198 1.2703710516020825 1.5288491608676633 0.7398685756789001 
3.3054649453380405 1.2609476125758525 1.5137392626384578 0.752414814013461 
3.2774255594716433 1.2737910847314644 1.5335667595422469 0.7386115914168665 
3.285426868008451 1.273987725744738 1.5237598873029734 0.7497872985534135 
3.3082563217216197 1.259595990818783 1.525545327500439 0.7226174893615178 
3.308448813254473 1.2649349134730827 1.5242391878557746 0.7258480323623687 
3.298333528823252 1.2687855087303754 1.5299025700103646 0.7229190031319195 
3.302142263386631 1.2740074708273563 1.5232201025060603 0.7325734221852518 
3.3067278071378725 1.2631988608209264 1.5249640212518443 0.7251064725674513 
3.316262195442309 1.2620246289610395 1.5163935856168744 0.7333656431326161 
3.3117800287875445 1.2637148489033736 1.519770831715247 0.730753983132442 
3.3078125187776246 1.2652651919334779 1.5198227897012009 0.7328895892872035 
3.308289739635261 1.2650174830881815 1.5231350883171313 0.7276084215935774 
3.3176578836340993 1.2613488180825045 1.5222966180478652 0.7184669808066444 
3.3201839944589353 1.2616068121237283 1.5197000232795665 0.7212907360891396 
3.3070074140693886 1.2667432505444105 1.5216945510734297 0.7308073937996254 
3.3185183866923995 1.2622168444085826 1.5219342013498303 0.718837760704103 
3.3194909940414257 1.2636840231278976 1.519182377225491 0.7229147090127084 
3.319032716439594 1.2631002218665492 1.5199609374310845 0.7218027769611924 
3.3188876558567224 1.2632576855308026 1.5185581619641535 0.7240264372437946 
3.31861070398348 1.2624770546891377 1.521090191503411 0.7201349298390258 
3.3177976870998576 1.2631210129442465 1.5206618829586578 0.7213174414227315 
3.3243859772946305 1.2605527937339054 1.5196646190617262 0.7165591125674885 
3.32381033828496 1.2612994986053159 1.5197950761374852 0.7168151330035148 
3.323553173411363 1.2608578098763328 1.520781708096858 0.7153326248749702 
3.323737807993524 1.2613782304374426 1.5190936884040194 0.7179269631448159 
3.323691649347984 1.2612481252971652 1.5195156933272291 0.7172783785773544 
3.322557840136933 1.2620309123615 1.5201363145719025 0.7170601084572307 
3.323928943005206 1.260922323390804 1.5197825429392702 0.7166843615399241 
3.323370814912191 1.261172679845059 1.5204186651124205 0.7160438339286495 
3.323611440739036 1.2612292639341387 1.5197414362735269 0.7169697424151782 
3.323152677202253 1.26108618920132 1.5201124623701852 0.7165843842083208 
3.323645923014283 1.2612461712543168 1.5198744226956602 0.7167574458047163 
3.3320894463445674 1.2583272540174244 1.518851925417514 0.7098020779800966 
3.3300384421089007 1.2592284088841772 1.5192659566760232 0.71099401608299 
3.333569445060002 1.2579210408158623 1.5190693235430146 0.7077207720416421 
3.338548447220486 1.2562669292567241 1.5187332671777583 0.703096286854874 
3.3384967238076153 1.2562415682764567 1.5185337875445584 0.7034147317705668 
3.327358623212616 1.2599950205098518 1.5195392639078849 0.7134217672961789 
3.3307642952648555 1.2586426364594334 1.5192789071801265 0.7103920370988877 
3.3302199053978896 1.2590819657779913 1.519269194302049 0.7108435213369644 
3.331078702595164 1.2587099080799726 1.5193492691934503 0.7097741305437397 
