2.356194490192345 1.5707963267948966 1.5707963267948966 1.5707963267948966 
2.4740042147019623 1.5707963267948966 1.5707963267948966 1.5707963267948966 
2.356194490192345 1.6493361431346414 1.5707963267948966 1.5707963267948966 
2.356194490192345 1.5707963267948966 1.6493361431346414 1.5707963267948966 
2.356194490192345 1.5707963267948966 1.5707963267948966 1.6493361431346414 
2.415099352447154 1.6100662349647692 1.6100662349647692 1.4922565104551517 
2.444551783574558 1.511891464540088 1.6297011890497055 1.531526418625024 
2.4887304302656643 1.5609788497524288 1.5413438956674925 1.5118914645400876 
2.554998400302324 1.556070111231195 1.4873477719339183 1.4824390334126836 
2.4997750919384405 1.494710879715769 1.5192545723219393 1.5855225423585986 
2.630470255066297 1.4959380643460776 1.5327536032553333 1.5143458338007045 
2.767608137503273 1.458508933121668 1.5137322414855516 1.486120587303608 
2.7036411386484422 1.5281516608916763 1.4158642672184474 1.5309128263098692 
2.7890071694942775 1.4479244656852575 1.3973030996850317 1.471701167897483 
2.946508646890435 1.3864885351304377 1.3105564861300998 1.4221535884487757 
2.986603069733796 1.4698987404717192 1.3444958110620693 1.3752904753788697 
3.230017058631475 1.4574926708496942 1.2571164304321343 1.2701744418890053 
3.268889090534488 1.359250788765543 1.2612869406991982 1.3722416885629456 
3.625834435650571 1.260841127532717 1.1482565250818384 1.3171430161380764 
3.4028703281313932 1.3027188030419952 1.2554817821550444 1.2444323267922979 
3.6565344245906237 1.294466465772167 1.028488578222687 1.168380435542904 
3.4343028528187856 1.3354770826095423 1.149799494038403 1.24781547348308 
3.721531018167636 1.3409811375029497 1.1512858375322903 1.1451783769148887 
3.1402642397097353 1.3751116857235657 1.2707388239806474 1.3529097855653038 
3.0867175056847604 1.4118098915808566 1.372512494595109 1.372063647921696 
3.3474065160352793 1.3545602848523708 1.2054777441775797 1.278877517092734 
3.484327256956582 1.3618995880312357 1.2189426247513309 1.2299532016031876 
3.2262799940214473 1.3718086613004832 1.2577897741733182 1.3221706395747748 
3.1334260014799513 1.4688373998420503 1.2353536625860708 1.3772998167674322 
3.2007870831428114 1.4273077506420364 1.240385692478314 1.3440829442736486 
3.291664283235537 1.2989710719305223 1.2253536453320706 1.388511952863046 
3.2454288647824905 1.4178622711199012 1.2491757341571184 1.2997588196325154 
3.3049757832260873 1.4076818863894422 1.2203732815827868 1.3253098452061471 
3.2459539413226075 1.3807769675727228 1.2484356510256853 1.3229554409826179 
3.2964176904088847 1.386211277986136 1.227326739167349 1.2893181683626247 
3.2740967995890453 1.3909340177472036 1.222931718327947 1.3114802306831912 
3.308147803284884 1.3569055368089569 1.233382342438389 1.3255596028278398 
3.286843255028363 1.3631844730764269 1.231633759175449 1.3005240783337544 
3.3453108327896603 1.3394967686147414 1.2259785741514366 1.2856594526252856 
3.3809178493899674 1.3137781440485106 1.2275020020631815 1.2727490635963328 
3.347644852146363 1.351961553172765 1.2125877798533908 1.2451748108648832 
3.384988545891102 1.3055309495889007 1.2112739034674516 1.2593445665812275 
3.443635626702993 1.2997309927548466 1.1967869556053528 1.2275489007338343 
3.3260413479470206 1.3473211029960317 1.2229220582829248 1.2822802839337744 
3.364162182712623 1.3341692144504407 1.2164898731203806 1.2758132903445334 
3.3642813507681653 1.3328698486106378 1.2200448909582862 1.258961937230608 
3.3829531976405347 1.3096545468187055 1.2193879527653166 1.2660468150887803 
3.3338805522091652 1.3384813085624687 1.229567880619315 1.2866365709650436 
3.36667554020798 1.315171758329425 1.2264289633258108 1.291660932766737 
3.3648798981281187 1.3284453260403346 1.2216409090501674 1.2671366861146403 
3.367153565971271 1.311010448284569 1.2325594991286097 1.270471277537865 
3.3675726844773513 1.3080168978167923 1.232867758238044 1.2808151774793706 
3.3418091283833435 1.3259888525374648 1.2418606172592588 1.2892892297005258 
3.3948460619018013 1.2909158627811994 1.237827057725232 1.2700258031920033 
3.375419296104961 1.3083394303074147 1.2374692185142484 1.2859683594462512 
3.373352863571539 1.3090071848017033 1.2362417886678387 1.2820940889691546 
3.3878819556458843 1.302347003414855 1.2326645298942067 1.271387433394168 
3.3742452669336593 1.3108975209326514 1.2301848801506128 1.2767821205378516 
3.3613634888866555 1.3198834982929877 1.2346813096612201 1.2810191466484293 
3.374035707680619 1.3123942961665398 1.2300307505958956 1.271610170567099 
3.377854233867904 1.313303950028795 1.232254415956639 1.2716007865651626 
3.3751475086672205 1.3114991282066875 1.2307022641021192 1.2754867870446793 
3.3786196936142447 1.3113595908149807 1.2327443022644682 1.2787110447747052 
3.36014231463316 1.325913177266728 1.2301504091512878 1.2825955876379052 
3.3809470453927033 1.3082385468778233 1.232035999708477 1.2741894719551023 
3.370568252554029 1.3153400678980238 1.2297164855030307 1.2730111898475664 
3.3766068333491908 1.3123547100857413 1.2319873480741088 1.2772860810429205 
3.3954461295128855 1.3030517663163939 1.2264324973127232 1.2688365551710883 
3.369884149043213 1.3156755652988392 1.232619106574096 1.277973498779094 
3.380932447391335 1.311008345463167 1.2297690008858293 1.2734692677757176 
3.378762341369579 1.313066427067126 1.2297446750686452 1.2750175723196266 
3.378032679028594 1.312638636127599 1.2291021330826504 1.274117925320506 
3.3711406691383115 1.3168308211707491 1.2310916558622007 1.276884105122381 
3.388181989451426 1.3084149551824522 1.2269672496879527 1.2707928093837104 
3.386364634772559 1.3104952997530288 1.2278893307701542 1.2718964312171877 
3.380115667964585 1.3121028020339565 1.2287989325045263 1.2735625517946763 
3.379840095379773 1.3134222855578184 1.2286233385659133 1.2738833179579796 
3.3809251483906513 1.3123932447558389 1.2286355014745054 1.2731091656860252 
3.3845499194206967 1.3110965496154814 1.227234625875567 1.2717709364900216 
3.3794752642092805 1.3132083900880547 1.228302067572916 1.2734334944584194 
3.381466415809208 1.3133594398990938 1.2271955155642835 1.2728092405653517 
3.3762998929734183 1.3157875801812573 1.2285768360075804 1.2746666217990201 
3.379239615811164 1.3146444915506397 1.2271648720380672 1.2729458922515824 
3.379689975487621 1.3137278370560237 1.2282587219339518 1.2736489615313804 
3.378608871181693 1.314782862114884 1.228039419035381 1.2737078426976765 
3.380196556799624 1.3134932670682826 1.2279020348180487 1.273091279027376 
3.3811921325995877 1.3135687919738022 1.2273487588137324 1.2727791520808422 
3.3803789723848703 1.3136002148031645 1.2280626703145474 1.2733161907771562 
3.3800787326005657 1.3142113177995756 1.2273334370506244 1.2728474779239578 
3.3825837645131793 1.3127428983302014 1.2270036973374125 1.272025643616578 
3.3796025945145645 1.3142728711687135 1.2277804886108887 1.2732872929274017 
3.379205734052774 1.3143090080687387 1.227910222457639 1.2732084046566918 
3.3798826347779003 1.3137153273775473 1.2282139369242544 1.2733205421799436 
3.3796078495679795 1.3145444082634723 1.2278012902099333 1.273191372652809 
3.380049379991713 1.3137560523670802 1.2278768486660199 1.2731163024337344 
3.380260221952266 1.314025507608612 1.2276412453370351 1.2730181782618673 
3.380400242083934 1.3137467357130288 1.227857969493718 1.2730348028881382 
3.3800617917213707 1.3140435760586247 1.2277061122604103 1.2729787341265122 
3.3805572030947957 1.3136357055583967 1.227702018440615 1.2729201713118545 
3.381005966539111 1.3135494704056496 1.2276455054068647 1.272882373902584 
