2.356194490192345 1.5707963267948966 1.5707963267948966 1.5707963267948966 
2.4740042147019623 1.5707963267948966 1.5707963267948966 1.5707963267948966 
2.356194490192345 1.6493361431346414 1.5707963267948966 1.5707963267948966 
2.356194490192345 1.5707963267948966 1.6493361431346414 1.5707963267948966 
2.356194490192345 1.5707963267948966 1.5707963267948966 1.6493361431346414 
2.415099352447154 1.4922565104551517 1.6100662349647692 1.6100662349647692 
2.444551783574558 1.531526418625024 1.511891464540088 1.6297011890497055 
2.4887304302656643 1.5118914645400876 1.4431691252428118 1.6591536201771095 
2.4887304302656643 1.5118914645400876 1.5609788497524288 1.5413438956674925 
2.554998400302324 1.4824390334126836 1.556070111231195 1.4873477719339183 
2.5881323853206544 1.467712817848981 1.553615741970578 1.5781594345767482 
2.704101332884809 1.416171063376023 1.5450254495584188 1.5818409884676736 
2.673728513284673 1.5082099106491618 1.4818254410975298 1.5247769031583278 
2.7146858003212198 1.3983768862365498 1.4766099064187195 1.541037099509916 
2.8350265931308485 1.3121671659573764 1.429516696230631 1.5261574858674258 
2.93937563622677 1.3279671680725986 1.4943273845187992 1.4303603856639673 
3.186787562552876 1.226187542796386 1.4855453445081546 1.330689983971098 
3.14482360062428 1.2489288079767897 1.414886354466172 1.4943849087983443 
3.2616410313117337 1.0935173794041257 1.4556614812841584 1.441759780393943 
3.5100380609250603 1.0242293846913162 1.3477794886861392 1.3146550910477321 
3.716618534576127 0.9842643914769322 1.4224196382416814 1.264587396238133 
3.496220549214807 1.0662400850970433 1.4241939027389185 1.3299799186454564 
3.034698310926788 1.2932075229458562 1.5423640528125624 1.4837522048566885 
3.344850126378823 1.0906474571449158 1.5389960362057247 1.2987060351352486 
3.610051323802332 0.945088709275379 1.409834329555916 1.2168156542161843 
3.178536564145674 1.2061778195282369 1.5092316219984008 1.4170180671965624 
2.9896870929797466 1.2420250143397893 1.5705233392593008 1.4141070147029695 
2.9634759991161914 1.293306420889353 1.4714848573192825 1.503081387997038 
3.249506594563165 1.141312198081025 1.5221182414841141 1.349799873350696 
3.1652745765580863 1.145343247782426 1.507692581269463 1.3511602590127911 
3.1685900734549834 1.1605518907188785 1.5080773414516973 1.3676247110587338 
3.0356446304636515 1.291520943563914 1.5874706520674748 1.2893510111478057 
2.9226464300396113 1.390522725643808 1.6533752374591328 1.213146626524737 
2.9408480851624637 1.318830497628459 1.5536900971591996 1.3510864870896075 
3.17234196721299 1.1856917729678835 1.5300112054028854 1.3501215267854239 
3.1021173519593175 1.2260364171413962 1.547773996759586 1.3284878611032698 
3.111216096508264 1.25885424318015 1.5365079982878147 1.3100204975594518 
3.012665861721699 1.2667729789518516 1.5789969956633878 1.3517290129253876 
3.1425756125134083 1.2164165708224695 1.5547944467757944 1.319575442249251 
3.183110984000621 1.229641108402113 1.534276551281947 1.2719883931045017 
3.120508192960235 1.2229532767847966 1.5756498251545865 1.2946808562429626 
3.078114967178504 1.2686593021236403 1.567791065856003 1.2726786185500192 
2.985081587280233 1.2749438614047603 1.6050662186368783 1.3206107804175269 
3.133603634820524 1.2409667966527749 1.55197396812068 1.284143989932758 
3.0542320992507634 1.2906384529560657 1.5518550162472853 1.2926498841239635 
3.1039391695328673 1.239874570827614 1.569701122927761 1.2941731132132128 
3.056879798821078 1.280090122843777 1.577630858961739 1.2810148148489124 
3.084624132642088 1.2662438701083443 1.5697223100940774 1.2867475005402818 
3.0688809912114845 1.258778680352655 1.5676223244135303 1.3089194361255378 
3.078076411711943 1.2572371101743554 1.5815602386110306 1.2920159336953843 
3.0449383648572077 1.2910796982599897 1.5696628341573802 1.2910004476358843 
3.0532228765708918 1.282619051238581 1.572637185270793 1.2912543191507593 
3.046262214642365 1.2858055332038454 1.5825507555146068 1.285182912998359 
3.052262810837568 1.2751498119582845 1.5775464882405026 1.2991352236366718 
3.06013438155287 1.278882406836129 1.5785964810807762 1.2880492558440437 
3.0568605210877973 1.2743790268691346 1.5845154453392527 1.290683472421595 
3.0561889573285788 1.2741605614098859 1.5815137778493966 1.2984265685266991 
3.0452548690035375 1.285477835014972 1.5780482542798224 1.296797557156015 
3.0463486083367513 1.289871061454166 1.585268094398233 1.2871769727006102 
3.050784260212364 1.2788301243322548 1.5794768897799352 1.2961456609026563 
3.0478895060082607 1.2852016752000215 1.5830335665741255 1.2887001334959247 
3.0581616694407243 1.2765214841230075 1.5800551294650864 1.2932379121853714 
3.0526946252782037 1.2821801209255506 1.5783223676802993 1.2924234065000295 
3.0561985961952187 1.2770161093972068 1.5780714846606394 1.2935922397403576 
3.050296885076552 1.2851186720564465 1.578956820532834 1.2881446056048065 
3.056195473349681 1.2786707811063671 1.5797805522320232 1.2919645855402302 
3.057514353274811 1.2777053653443116 1.5814186745934828 1.288729700810249 
3.0538995572773553 1.2810614320302407 1.579096444408595 1.2914999800775844 
3.0581664888740443 1.277949258116668 1.5783339828707077 1.2908207477922007 
3.0540119437805653 1.2820420410180753 1.580815023827451 1.2883746946699843 
3.0581649274512754 1.278776593971248 1.5791885166563997 1.290006920692137 
3.056414503415537 1.2805312638808397 1.5784594243805379 1.2902363311720366 
3.0624282068662976 1.2760277203843673 1.5764741786667598 1.2911819330802246 
3.0604068629030987 1.2779187306377542 1.576743516842991 1.2901372132521158 
3.0587254113142315 1.2785621281378745 1.5785772667030475 1.2900394938321318 
3.059150435213457 1.2784158324763986 1.578465231975742 1.2894350018181222 
3.061281294209584 1.2774550636102482 1.577535329873768 1.2896155944621341 
3.0582744424842034 1.2797068353584844 1.578527952730657 1.2891427935080402 
3.0591496545020727 1.2788295004036887 1.578892498868588 1.2890280882680902 
3.0570731626667174 1.280462223927102 1.5797057524541138 1.2882119752570143 
3.060229261323867 1.2782068536894617 1.5780779355188543 1.2892646896608542 
3.061057423811929 1.2774604613443545 1.578488120991323 1.2887457242875149 
3.0589701878161346 1.2791452418549518 1.5785179947958237 1.2890435262029087 
3.060092478451092 1.278495667024782 1.5779363228170102 1.2888681484948745 
3.0605627193585248 1.278949252226264 1.57809913513049 1.2881778082832183 
3.0595035062497242 1.2785491874138648 1.5783737077644289 1.289120703434396 
3.060113430001981 1.2786890369304555 1.5782664019488932 1.2884587021694591 
3.0595522846845022 1.2790138243455405 1.5785572379383 1.2885463910234762 
3.0601818214383685 1.2785446302627954 1.5783372082998153 1.2886569727524488 
3.0596424083831635 1.2786491196562637 1.5785308565282592 1.288742128831083 
3.060483736003689 1.2783687724972814 1.578308235990572 1.2884071387750409 
3.0608142761152908 1.278593303607067 1.5782233071317688 1.288043905939413 
3.0599353753161953 1.2786351656439645 1.5784539691791366 1.2885675731081654 
3.0601239057774254 1.2787857218832923 1.5784314415148346 1.2882539790067513 
3.060298583002835 1.2785289047138684 1.5782873189697326 1.28843292047225 
3.060147625720175 1.2786168335966255 1.5783018051243543 1.2885578374609539 
3.059877919192572 1.2786690782933596 1.5783986292385763 1.288600415500271 
3.0604638530586357 1.2786411702687612 1.5782448545403311 1.2882513040544359 
3.0600244026590877 1.27866210128721 1.578360185564015 1.2885131376388124 
3.0601325350004895 1.2787160488107876 1.5783708688743834 1.2882715321826823 
