2.356194490192345 1.5707963267948966 1.5707963267948966 1.5707963267948966 
2.306194494263907 1.5207963274342922 1.5207963284689219 1.520796327725431 
2.3333227247040553 1.487335101963586 1.4736350502613729 1.470539638505042 
2.3713136541530555 1.4520452995965984 1.4330338973480659 1.4202136525592135 
2.4146732099262973 1.4112578890890166 1.3941273084160961 1.3704385758319424 
2.460917849770705 1.3797227168478068 1.3659146537190763 1.3221089138198343 
2.509767721899176 1.3487378218583554 1.3378598572511704 1.2738638510873452 
2.5613749429237003 1.321768810649252 1.3118095235936382 1.2261114145828924 
2.615182627696475 1.296980634171984 1.2917994726559487 1.1786305827814707 
2.670908324671356 1.2803256764152555 1.27442949850484 1.13195268156685 
2.7259310021376244 1.2606817958479133 1.2574110192790628 1.089957281748447 
2.7819642278814545 1.2449487521782063 1.2424692289305166 1.0470806283615413 
2.840904628094112 1.2283538967519263 1.2302079602997165 1.005978009849353 
2.90077127246162 1.2176423962000804 1.2201491467861971 0.9664548333928424 
2.956049500829725 1.2064673526590284 1.2076737924910108 0.9291940561338773 
3.0154918583334234 1.193237003889911 1.1951953215570157 0.8933118742609757 
3.0763743108285504 1.184015369615454 1.1859356182611935 0.8586619825196773 
3.1352481785843023 1.1775257281722213 1.1780254217172783 0.8257544244794762 
3.1786173992684383 1.1778074896809858 1.1701954661493388 0.7940481556558063 
3.2127305280879175 1.1775574735542569 1.1644077533771822 0.7632785211465369 
3.2408245280719834 1.1778019067283678 1.1584297031850899 0.7331250153950448 
3.2636960262528976 1.183259182801271 1.149931110464273 0.7049390173678622 
3.2823362677436525 1.1882422687799685 1.1421366755577689 0.674685305102346 
3.2974163343900376 1.1946642251885964 1.134637033940416 0.6455367022226436 
3.3095567215173944 1.2038050296151075 1.127545576013557 0.6180931254817554 
3.3194583361133194 1.212603278220385 1.1199032152093937 0.5875527710295027 
3.327524428382586 1.2191098433092245 1.110525633346549 0.5591640985878017 
3.3339148060760713 1.2209477009845007 1.1034075217723693 0.531026775019499 
3.3391377814865426 1.2258259508943237 1.0968409657056124 0.5057522961527277 
3.3434082015207114 1.2310962311815208 1.0893088492903094 0.47823679166994343 
3.346763756719907 1.2409346863400998 1.0837752933230347 0.45160468894117284 
3.3495460555104977 1.2477842716435399 1.0766186477031934 0.421863219039216 
3.351661821021709 1.2592818501139575 1.0705445132206823 0.38868937697523137 
3.3532851216759165 1.2662501402491286 1.0657525467523363 0.3571093799637328 
3.354625522080542 1.273134663503242 1.0639613318674628 0.3262806261522614 
3.355641508515456 1.286756010810479 1.0600150702248525 0.2983835942657885 
3.3564245561508668 1.3002519112734854 1.0563988954739116 0.2767541242555275 
3.3570484189795335 1.3152790515610797 1.0506680561595931 0.25557854759880955 
3.357555246314013 1.3324429152378778 1.0456087578822462 0.24095983388373157 
3.357889170710868 1.3501183017545004 1.0382788507774878 0.2253106122129352 
3.358087242425909 1.3672780395310657 1.0335830662245415 0.20681181300680584 
3.3581424046345703 1.3827024724708903 1.0249815346476385 0.1847576274719102 
3.3580945733836494 1.3989252396726763 1.0165977535038657 0.16376594619256432 
3.3580170734827712 1.4086911964628563 1.0082380706292948 0.14434976368989086 
3.357788172349611 1.427904688752225 0.9985095100346395 0.12744199185243563 
3.3575925971933804 1.4424797636336415 0.9889420454212949 0.11017196424280044 
3.3573877370694194 1.4582938989220668 0.9786411706784562 0.09528071101926613 
3.3571841895888093 1.476869338222474 0.9716568533015801 0.08189736796582976 
3.3570254102681214 1.496740723837651 0.9685129766330135 0.06597322961682818 
3.3567920519676906 1.5198298169737736 0.9595149636198738 0.049059909482917025 
