2.356194490192345 1.5707963267948966 1.5707963267948966 1.5707963267948966 
2.406194481248051 1.5207963275934 1.5207963275350207 1.5207963284455701 
2.4520610827452574 1.4721104093208974 1.482913658726307 1.471935287480437 
2.4985173713336626 1.4327954586792357 1.4423632511312532 1.4225310049268018 
2.546768237824295 1.3998409464614168 1.4071525663301947 1.3729630261485624 
2.593109455188759 1.3747268294289727 1.373975593050026 1.3234515291261906 
2.6411214874644497 1.3552347275715275 1.3386652972425848 1.2738639241702416 
2.6904836609029745 1.346538296269517 1.3097343917471471 1.224438813402255 
2.7429920739294182 1.340965170649395 1.286722058442062 1.175813525749133 
2.797973045917567 1.3328004570364984 1.2670518154346202 1.1278430504860646 
2.8513025100899276 1.3256496621888292 1.2480914859443935 1.0793613802418998 
2.9080302442249564 1.3152164881432296 1.2352255031415638 1.034937893536926 
2.9674299963500834 1.308768910945185 1.2193559484168874 0.9904752804504829 
3.0282368854668884 1.3024020781717023 1.2024485146289416 0.9471810723104658 
3.0848898691622115 1.2967941307100572 1.1875646938369135 0.9046766068141653 
3.1292533289539235 1.296690520445255 1.1708570488356604 0.8617280586097902 
3.1725944992687696 1.290964112456091 1.1506643078773184 0.8225630998000308 
3.1991260908504793 1.2881784591333256 1.1331441779920506 0.7819947111003551 
3.2168251076793384 1.2800097832267716 1.1173109691708798 0.7407542585068786 
3.226528321729815 1.2724646631037797 1.1020010690392656 0.7020865486656894 
3.231831393137953 1.2692195952648726 1.0854379029719399 0.6619398882428592 
3.2363785404912906 1.264136713177144 1.0715656506792623 0.6236142724461681 
3.2408987946571757 1.2691702778317353 1.0578240151044616 0.5876568240389819 
3.240854088597923 1.2733626880867661 1.0464031305269248 0.5582431825188162 
3.239635927870776 1.2831004525744347 1.0340363213718826 0.5276587378267459 
3.2366185495050948 1.2925678152734141 1.0244732380949138 0.5015481406846003 
3.231375531580694 1.3031963995780595 1.0198327450594362 0.4764758158671264 
3.2269202301064213 1.315268721685044 1.0175552423057745 0.44822591731670614 
3.2197965587301107 1.3237026275801254 1.0219969527460748 0.417582229052805 
3.2177556764228394 1.3286199697575312 1.0230228215749757 0.3888095328750435 
3.211270490573881 1.3354510812470477 1.019172624877678 0.36067516484785095 
3.209238879314989 1.3491147486707904 1.0143856916505603 0.32945953041119774 
3.2078544007518373 1.3592699993596102 1.007267000605744 0.2989591813991804 
3.2048961696441722 1.3715148106855586 1.005837871517406 0.27246190660434194 
3.197313267948585 1.38478672229902 1.001418905876032 0.24490494904414495 
3.197029949319453 1.3960625240735758 0.99931344938303 0.22040185905845547 
3.1963668952204847 1.4025163330027297 0.9947060057265908 0.19721877102921723 
3.203124458864399 1.4073840232498773 0.9892017304620842 0.1783737577358307 
3.203709976978085 1.41937000923523 0.9876026061735289 0.16287604759727387 
3.200976238574604 1.429515941807502 0.9819804729706806 0.14851607663711108 
3.1969435349274202 1.4445996000775418 0.9765013989101622 0.1360007874956913 
3.190025055257736 1.4618798623732974 0.9681816037731019 0.12417367675844367 
3.196886758312819 1.4793188661112429 0.9603330028074313 0.10421396206500483 
3.198278562571646 1.4921308403783202 0.9524171047485714 0.0861079468529082 
3.204017482307327 1.5127949272667132 0.9441012034832215 0.06912384585332172 
3.2104396026900095 1.5268040222360673 0.936938726808859 0.05290321084155172 
3.2207233114046203 1.544642367177407 0.9334687802120908 0.036980889393227315 
3.2275326003854263 1.5643574197012406 0.9335816228227939 0.02251457972980906 
3.2301177870939792 1.5820969076176017 0.9281145183671945 0.011628069917387641 
3.2313621984306065 1.5981038967609307 0.9239060073928825 -0.003256005433946633 
