2.356194490192345 1.5707963267948966 1.5707963267948966 1.5707963267948966 
2.406194485609176 1.5207963277177898 1.520796327209396 1.5207963273346294 
2.451224943886244 1.4710887034117561 1.4815601231348292 1.472311803419413 
2.4990954022883605 1.436607455682375 1.445384869893617 1.4236451873957325 
2.5476884208700867 1.3969494084878065 1.4168406575590753 1.3764507628656029 
2.5966451976822764 1.356868682708597 1.388323857816923 1.3304875399132094 
2.646796057925669 1.3252329770800548 1.3559852230523866 1.2850976114620534 
2.698274908638898 1.2941845551431221 1.3273006384873767 1.2417532442710848 
2.7516245691614203 1.26748337940332 1.3010416986361195 1.1995668591662763 
2.8069075083896666 1.24466968844852 1.2757800628936937 1.1584014559245104 
2.8642295129404793 1.222691059536447 1.2532346808020232 1.1188487240592564 
2.9209473116199596 1.2034450954751863 1.2353620070631686 1.080732746398047 
2.979803666103582 1.1893920117445655 1.2189655289469703 1.0428908411484876 
3.0300376632647352 1.1784108852595698 1.2034851777189133 1.0075370220891375 
3.0867998148577347 1.164004655975836 1.1908648396408705 0.9714383893527258 
3.1411636063789463 1.1543236721200523 1.1777036283770526 0.9364222598953226 
3.1001606026640607 1.151589123855824 1.165292213370184 0.900353749627857 
3.0665320788023553 1.1449534683953386 1.1566984590236131 0.8658794590284271 
3.038970274212862 1.139867002241168 1.1458154693399183 0.8307545676768879 
3.016393976837426 1.1382416762844025 1.1365000529928353 0.7976991735675055 
2.997913027113998 1.13752738993049 1.1279121955266755 0.766882693895215 
2.9827948527060513 1.1368863964410187 1.1185107802450684 0.732996258528698 
2.9704358168672793 1.1408384313845483 1.1116371501248457 0.7006380546957348 
2.960339089365097 1.146252555655529 1.106277361251601 0.6711945354300989 
2.9520957971938135 1.1545846648187916 1.1001051675663578 0.6388978526682016 
2.945370322247971 1.1591619091967944 1.0930294911079543 0.6071411845357626 
2.9398860791303605 1.1634978525064814 1.0867710695956962 0.5776139590551405 
2.935416905986886 1.1709440638559487 1.0826227200626877 0.5493256927854276 
2.9317770051680148 1.179838153082767 1.0784004346826632 0.524113314109818 
2.928814203802582 1.1863630691713956 1.0760591814563787 0.5024821883873208 
2.926403601425764 1.1960710251799873 1.0737766655705492 0.4797320010909673 
2.9244434538732755 1.203780649934559 1.0728793231529603 0.4539847428243655 
2.922850155755603 1.2116324163805403 1.072517256471465 0.4256233568619712 
2.9215560026745617 1.2181905069591037 1.0693795216727815 0.3972468685385426 
2.9205051371078072 1.219495050222527 1.0657466487633052 0.36933775226297705 
2.919652157999546 1.2245095096158205 1.0621171790953503 0.3430797278839512 
2.918960210889927 1.2325670150228325 1.0612769784654719 0.3249061651488179 
2.918399003219797 1.2412226220469769 1.0593630458486494 0.31183929352203604 
2.9179442093073797 1.2459721300324595 1.057358124555494 0.2925894437409703 
2.917575815811375 1.2560046760333539 1.058125842199468 0.2773635182440424 
2.9172776334324153 1.266468033276902 1.059431540388048 0.26018877148173847 
2.9170361158414706 1.274550895169391 1.0585722055574103 0.2456810913197398 
2.916840610404288 1.289663919885811 1.0548728776688316 0.2324205585121809 
2.916682509978964 1.3019523927123529 1.0499972242484092 0.22006466156061605 
2.916554834117485 1.3083047985913556 1.048028736514886 0.2045814517579627 
2.916451617261768 1.318069227797637 1.042985447791442 0.18514468490138067 
2.91636823438551 1.3377604786721886 1.0391006716498032 0.16945721195618957 
2.9163012028523103 1.348645827321051 1.0324515357894712 0.15220524432149152 
2.916247225519573 1.360555203724155 1.0280300991554536 0.13117193507923253 
2.916203880471817 1.374550001967928 1.023581937685251 0.1090914106737842 
