2.356194490192345 1.5707963267948966 1.5707963267948966 1.5707963267948966 
2.4061944829864164 1.5207963276602698 1.5207963277401844 1.5207963275580447 
2.451240669389928 1.4764829419456578 1.4713076172422963 1.4713920857335627 
2.4959308152956643 1.4303008812994544 1.4228450115904145 1.4214222768390574 
2.541261730766622 1.3940478838845447 1.3839208619483623 1.3725712956089053 
2.5899458184978936 1.3578038727481765 1.3525261951760927 1.3230255563858513 
2.6363966005304915 1.3217209665646779 1.3231088236572908 1.277664698766299 
2.682464640742462 1.2911302383180299 1.292700161760376 1.2334614761038125 
2.7329715226680102 1.2595094109392488 1.2712122263760732 1.1892729863240086 
2.785700564238262 1.2336756404805662 1.2458796933913705 1.1456302760865333 
2.8371861125011537 1.203730256852201 1.2213939912568708 1.1043358899440472 
2.884900948404017 1.1788179620645043 1.202429167701497 1.0651432483159051 
2.9365100902624817 1.1548066328840727 1.1872787285798994 1.0256321010906073 
2.991708748677608 1.1333036878779659 1.1693753800159152 0.987521235168677 
3.0287096861697127 1.1149792545228 1.1535690645497816 0.9523899432480373 
3.0776779500805853 1.0968680132153028 1.1380523245978698 0.9184839416585439 
3.058360327278515 1.0849983152965244 1.1265488004229658 0.8844027313948067 
3.083758165827135 1.0781243788849777 1.1167967809020707 0.8504668531019619 
3.1115060615038814 1.0774986248218632 1.1115142938614249 0.8172346251622352 
3.0866932656577966 1.0835196781635423 1.1020289941678345 0.7809148338606005 
3.0936283485026514 1.0881065619424897 1.094139027992836 0.74437069577618 
3.132137079280309 1.085073503691873 1.0849131407918993 0.7093311546197447 
3.090452931229379 1.0826276722180093 1.0749135544579194 0.681091650842891 
3.063621822846318 1.0787361247738354 1.064088480850044 0.6546724514733322 
3.042257707793212 1.072923047117975 1.0486228496497287 0.6287951397551799 
3.0251771585866423 1.0743941829174009 1.0342505128498447 0.604739124970038 
3.0125086296316526 1.0793546210250389 1.0182371015494551 0.5782774207750626 
3.00234627725569 1.0931467491720894 1.0111266535978611 0.5556141362324232 
2.994283957116965 1.1014281559164776 1.0037168524962008 0.524698403855996 
2.9885574600287534 1.1107554380040456 0.9958459454187307 0.493144088385662 
2.984806046579646 1.1138029373072735 0.9882522366329416 0.45781768566552034 
2.9815389165878354 1.1241920972715118 0.9805611326408513 0.42256584048794893 
2.979178437434021 1.1424034584399605 0.9759791083990853 0.38889202677294576 
2.977635589835946 1.1567595188809996 0.9678361206847229 0.3653215020654492 
2.9762927830962704 1.1682763202206474 0.9600469209603838 0.3389273379821455 
2.9752817479749156 1.1801361536120216 0.9539880570872419 0.3088171105005375 
2.9748440163347967 1.191399870976606 0.950526938048077 0.28082239988176827 
2.9749713930911406 1.198905226169369 0.9446619323845545 0.25521898381918634 
2.975521808209787 1.2128209690589429 0.9340080327002067 0.22950691799994224 
2.9762967502040363 1.2328121956353233 0.9216427787713021 0.20484056770589384 
2.9772723026474965 1.257596155014509 0.9126348211306218 0.1795272497712131 
2.978448271820112 1.2848611135751449 0.8991579268915054 0.15369175548755443 
2.9800989774086815 1.313504225077162 0.884084557804406 0.12888323909747976 
2.9819691128708374 1.3404371995605624 0.8726942774783425 0.10185497404541725 
2.983432407210016 1.3647360322281348 0.8639825379145029 0.08289085753162734 
2.984864910609719 1.391901763505369 0.8563360494734586 0.07025219020454969 
2.9864707587358295 1.4199813249514301 0.8488979781513337 0.05552695643583282 
2.9882489059588226 1.4457149210634308 0.8376298228508523 0.04092957206916867 
2.9893727035637583 1.4739136343906543 0.8270635718619472 0.023321852482120698 
2.990959337935449 1.4976328631454303 0.814373046470538 0.017682713594415565 
