2.356194490192345 1.5707963267948966 1.5707963267948966 1.5707963267948966 
2.4061944858885527 1.520796329814105 1.5207963273976777 1.5207963291332949 
2.456430743804524 1.472933144753331 1.485878728158549 1.473548357618772 
2.502700574544743 1.4246828434125327 1.4570509334939625 1.42504288394769 
2.5516120495618826 1.3750971155577276 1.4330589767548148 1.3762805403013316 
2.601463011446637 1.3295774630738262 1.4198067005210393 1.3273391728150343 
2.6527715428121734 1.2891143897764146 1.4017577255282687 1.2790436104481249 
2.70273507889708 1.2573017916248599 1.3835764497767822 1.230571579405211 
2.7548749001867225 1.2286801693260923 1.3657775592559025 1.184098151294466 
2.808715204715215 1.2039775650084694 1.343636484419998 1.1390680552746895 
2.8594729286834126 1.1891581721992102 1.3212700532574597 1.0942511439082034 
2.913170393707051 1.1707643304439008 1.3026216471458976 1.051550356795442 
2.97063272135195 1.1537186844630714 1.2796458562196733 1.010411059995198 
3.0086514013280516 1.136327447173503 1.258105442169831 0.968476704185949 
3.047944905485084 1.1191549891213233 1.2397784592139576 0.9269447622298408 
3.0990517529144155 1.104767267895296 1.2224509040710163 0.8833857901069698 
3.1111059663477474 1.0949853816349517 1.2082526740143993 0.8398127837880638 
3.079582672356382 1.0877179910699473 1.1948925931418029 0.7983194489431972 
3.08052584844586 1.086024988997441 1.1817636238996783 0.7545199913388648 
3.105245232975035 1.095501709812455 1.1773034443599795 0.7128384572384227 
3.151484206584309 1.1049272817333378 1.1743785642168065 0.6735914099838797 
3.2001203597423427 1.1161194678325277 1.1691571744397482 0.6390651019912132 
3.2392205803081646 1.125323237050181 1.166191637668874 0.6034569016264405 
3.270615586462576 1.1436567362791257 1.1655657612114643 0.5678188955415122 
3.295590448847203 1.1572029382004556 1.1631486704211123 0.5353654520898254 
3.3159510754422445 1.168591131854911 1.1572514679966535 0.5064195351610796 
3.332405029410822 1.1813311868344154 1.152021573101492 0.47397261221384923 
3.3455565966409453 1.1920232276693106 1.1434898703625214 0.4477039862991229 
3.3561130126549323 1.1990591922470275 1.137592240197734 0.41731368216695824 
3.3646740569763165 1.2078334143868248 1.1333302988218048 0.39090332489885826 
3.371542239045458 1.2152752151331463 1.1319595023017752 0.35765929073798586 
3.3770387287153985 1.2300374275456618 1.127776266426459 0.32218964002507217 
3.3812945225543656 1.2407831267387222 1.1222025603890748 0.2935308016918528 
3.3845213207205256 1.2612523290997448 1.1184852883068335 0.2648196728412859 
3.38692726939042 1.280521132884482 1.110030996830783 0.23611828801595802 
3.388676657186999 1.3006867607524955 1.1062823140677134 0.20486393046197166 
3.38995442389596 1.3174853947049805 1.1083190225254076 0.1785938969908011 
3.3907827184757515 1.3351484138981407 1.1087454279423985 0.14952058517548744 
3.391397602740023 1.3523157603081177 1.1091305877678994 0.12030191129497404 
3.3918043236933424 1.370860284680059 1.1094283883614904 0.09283119303138176 
3.3918880837318452 1.3899826099376091 1.1068689928568192 0.07191506551917701 
3.3916755613743783 1.4107750272708235 1.1041747333129641 0.052448720243823216 
3.391314951396873 1.4355045353499278 1.0977898814672578 0.03516000044159229 
3.391034371354692 1.4568842749669064 1.0907305044752769 0.020164952291738224 
3.3906967397818244 1.4803211363222397 1.0813537168301497 0.009197760051395448 
3.3903597079479155 1.5031315058387205 1.0669436185100925 -0.0051567525349231185 
3.389827505112938 1.5348804563654046 1.0575321397714716 -0.013978909193873922 
3.389479776964116 1.569829089337923 1.0513013949899592 -0.019533913789616955 
3.3889931095194994 1.6049714973186646 1.0453087752622308 -0.024476265042952677 
3.388438895110181 1.632417979728824 1.038244125852524 -0.03195827173324137 
