[2.356194490192345 1.5707963267948966 1.5707963267948966 1.5707963267948966 1.5707963267948966 1.5707963267948966 1.5707963267948966 1.5707963267948966]
[2.36619448 1.56079633 1.56079633 1.56079633 1.56079633 1.56079633 1.56079633 1.56079633]
[2.36080659 1.55246036 1.5507354 1.55292546 1.55155838 1.55347957 1.55378136 1.5510023]
[2.36751968 1.54600653 1.54065186 1.54686289 1.54458004 1.54726592 1.54525212 1.5424137]
[2.37599243 1.54071372 1.53203113 1.54119424 1.53784486 1.54116193 1.53622501 1.53565068]
[2.383165 1.53521035 1.52311425 1.53555835 1.5315668 1.53420072 1.52689766 1.5304732]
[2.39064531 1.52893027 1.51460472 1.5313497 1.52478204 1.53022569 1.51698551 1.52646726]
[2.39965243 1.52225265 1.50614937 1.52756293 1.518622 1.5252327 1.50901931 1.52283]
[2.40879926 1.51651148 1.49762985 1.52391048 1.51325991 1.52075594 1.5015457 1.52038124]
[2.41674091 1.51075416 1.49039766 1.52128676 1.50734624 1.51795567 1.49528877 1.51669484]
[2.42623119 1.5043626 1.48227586 1.518223 1.50115174 1.51482157 1.48885357 1.51351059]
[2.43614465 1.49820297 1.47494518 1.5137078 1.49585753 1.51221278 1.48118469 1.51090703]
[2.44593086 1.4922011 1.46696686 1.50900242 1.49137372 1.50979341 1.47305489 1.50789822]
[2.4562906 1.48651049 1.46105445 1.50434564 1.48682519 1.50714344 1.46576632 1.50278626]
[2.46766916 1.48028475 1.45514862 1.50019088 1.48318998 1.50638404 1.45972423 1.49953992]
[2.47892794 1.4747932 1.4489574 1.49768171 1.47956923 1.50445601 1.45315085 1.49616267]
[2.49019143 1.46969322 1.44323625 1.49653946 1.4745901 1.50267563 1.44598712 1.49378444]
[2.50105705 1.46552695 1.43716583 1.49571692 1.46962634 1.50126592 1.43903674 1.49304246]
[2.5123148 1.46108787 1.43099716 1.49523004 1.46488546 1.49979867 1.43202867 1.4926919]
[2.5235197 1.45755313 1.42486693 1.49363724 1.46016841 1.49813776 1.42594641 1.49374163]
[2.53430822 1.45377032 1.41924649 1.49280004 1.45584563 1.49664065 1.41936855 1.49339489]
[2.54622995 1.45061694 1.41274636 1.49117509 1.45141835 1.49657538 1.41390445 1.49267296]
[2.55769156 1.44764124 1.4064816 1.48978391 1.44680716 1.49624127 1.40868687 1.49301098]
[2.56950777 1.44533479 1.40095541 1.48993807 1.44218078 1.49626465 1.40479604 1.49374641]
[2.58265157 1.44300296 1.39553259 1.4906756 1.43833064 1.49620491 1.40004537 1.49602985]
[2.59583239 1.44154334 1.3900596 1.49078422 1.43483622 1.49611079 1.39506993 1.49984727]
[2.60966805 1.43947262 1.38546556 1.4906071 1.43181046 1.49642653 1.38998179 1.50223001]
[2.62342778 1.43697499 1.38212795 1.49137075 1.42950949 1.49696038 1.38559927 1.50477656]
[2.63842975 1.43534472 1.37795153 1.49191604 1.427098 1.49729411 1.38247824 1.50823257]
[2.6525772 1.433711 1.37472248 1.49183716 1.42542246 1.49787768 1.37869759 1.51173137]
[2.66578005 1.43219807 1.3718142 1.49196551 1.42359062 1.49829566 1.37470108 1.51376292]
[2.67917556 1.43077461 1.36716612 1.49172926 1.42104503 1.49849545 1.3712077 1.51633181]
[2.69201571 1.4289831 1.36217742 1.49061201 1.41850821 1.49725811 1.36897187 1.5171905]
[2.7063614 1.42579832 1.35616331 1.48991865 1.41624249 1.49749038 1.36598856 1.51853592]
[2.72123379 1.42269743 1.34987697 1.49019746 1.4143946 1.49649315 1.36340215 1.51859501]
[2.73761985 1.4202514 1.34393171 1.49108778 1.41292296 1.49595368 1.36147792 1.5183786]
[2.75416217 1.41803108 1.33744977 1.49109242 1.41168372 1.49452501 1.35986328 1.5182046]
[2.77002174 1.41597556 1.33187047 1.49033687 1.41108551 1.49310632 1.35758669 1.51894841]
[2.78618889 1.4132979 1.32627637 1.49044886 1.41061683 1.49233526 1.35352222 1.52000118]
[2.80279397 1.41052682 1.32077904 1.49075463 1.40968288 1.49154434 1.34993649 1.52254888]
[2.81925077 1.4082549 1.31449525 1.49151166 1.40813394 1.49113372 1.34684581 1.52476174]
[2.83664799 1.4061584 1.30881881 1.49213311 1.40724231 1.49223164 1.34423888 1.52633258]
[2.85095187 1.40516765 1.30322012 1.49314249 1.40665434 1.4935876 1.34128761 1.52814101]
[2.86578695 1.40317014 1.29830592 1.49375281 1.40592817 1.49506455 1.33824018 1.52992862]
[2.88196189 1.4002403 1.29398654 1.49378341 1.40448404 1.49528022 1.333951 1.53233643]
[2.89967984 1.39805832 1.28925893 1.49514413 1.40262137 1.49529036 1.32948118 1.53553209]
[2.9192558 1.39667194 1.28332967 1.49636253 1.40118578 1.49588892 1.32571072 1.53725142]
[2.93472191 1.3944241 1.2769269 1.49738868 1.39937581 1.49762979 1.32183323 1.53920995]
[2.95247625 1.39221657 1.27106382 1.4990538 1.39659001 1.50003614 1.31805319 1.54061815]
[2.97223159 1.3902435 1.26503896 1.50087399 1.39361329 1.50295189 1.31405871 1.54211576]
