[2.356194490192345 1.5707963267948966 1.5707963267948966 1.5707963267948966 1.5707963267948966 1.5707963267948966 1.5707963267948966 1.5707963267948966]
[2.36619449 1.56079633 1.56079633 1.56079633 1.58079632 1.56079633 1.56079633 1.58079633]
[2.36996314 1.55081713 1.55095163 1.55466973 1.57418748 1.55173831 1.5508114 1.57872058]
[2.37339471 1.54380775 1.54440842 1.55125626 1.56602351 1.54270491 1.5411233 1.57156788]
[2.37454237 1.53518531 1.53616951 1.54772195 1.5576763 1.53365921 1.53243835 1.56286879]
[2.3749114 1.52714951 1.52722633 1.54302896 1.54849445 1.52592823 1.52314811 1.55604249]
[2.37598023 1.52367293 1.51770759 1.53833656 1.53868851 1.51868376 1.51400238 1.55435049]
[2.37131758 1.51774157 1.50814797 1.5332126 1.52976233 1.51396197 1.5074002 1.55382074]
[2.37362399 1.51149288 1.49790229 1.52886392 1.52022973 1.50873854 1.49973461 1.55364254]
[2.37807816 1.5060465 1.48914443 1.52465489 1.50994363 1.50263865 1.49174628 1.55258964]
[2.3840047 1.5003244 1.48028659 1.52084937 1.49997825 1.4972608 1.48403029 1.55287778]
[2.39119409 1.49229628 1.47211506 1.51765009 1.48974185 1.49212436 1.47588216 1.55228083]
[2.40061734 1.48483745 1.46431798 1.51388607 1.48002544 1.48613027 1.4679364 1.55144022]
[2.41034898 1.47678036 1.45852789 1.50952281 1.47125584 1.48136438 1.45871397 1.54922712]
[2.42115546 1.46786392 1.45098927 1.50584314 1.46188353 1.47553605 1.44882591 1.54827764]
[2.43196601 1.46213824 1.44314989 1.5026251 1.45601999 1.47150527 1.43843951 1.54907565]
[2.44218704 1.45585502 1.43524149 1.49928314 1.44965787 1.46585148 1.42899103 1.55134779]
[2.45279589 1.44964916 1.42746263 1.49687922 1.44538103 1.4617653 1.42132352 1.55649555]
[2.46204727 1.4425917 1.42013045 1.49530388 1.44035551 1.45802825 1.41522427 1.56169291]
[2.47297346 1.43518525 1.41287695 1.49342524 1.43722071 1.45509527 1.40934811 1.56531088]
[2.48296172 1.4277023 1.40705305 1.49050648 1.43474622 1.45347925 1.40381762 1.57039759]
[2.49416113 1.42161305 1.40228707 1.48793966 1.43134983 1.45010026 1.39884651 1.57680024]
[2.5049215 1.41592494 1.39644987 1.48778129 1.42773221 1.44631042 1.39268101 1.58406048]
[2.51534151 1.4105454 1.38901826 1.48754236 1.42240165 1.44256679 1.38686918 1.59252423]
[2.52391255 1.40430592 1.38304695 1.48886543 1.41859456 1.43788856 1.38190018 1.60016804]
[2.53456889 1.39814986 1.37629509 1.49081155 1.41519643 1.43225239 1.37671814 1.60736434]
[2.54614209 1.39150696 1.36830011 1.49172024 1.41136194 1.42985805 1.37250153 1.61440749]
[2.55622026 1.38581294 1.36184116 1.49334713 1.40685608 1.42656465 1.36969898 1.61976206]
[2.56684178 1.37873591 1.35489241 1.49388701 1.40187386 1.42556157 1.36674639 1.62575177]
[2.57801462 1.37085728 1.34851161 1.49329919 1.39711133 1.42371162 1.36314971 1.63167189]
[2.58725051 1.36450828 1.34128808 1.49423989 1.39305705 1.42076994 1.35933947 1.63559065]
[2.5953192 1.36002421 1.33367186 1.49635872 1.3908195 1.41875229 1.35475832 1.64033673]
[2.60554091 1.35494136 1.3272273 1.49940482 1.38791198 1.41680767 1.35124728 1.64452098]
[2.61605732 1.3482604 1.32164031 1.50186857 1.38557095 1.41518608 1.34848813 1.65005702]
[2.62690696 1.34184791 1.31538887 1.50372896 1.38288198 1.41241417 1.3448417 1.65493862]
[2.6365728 1.33768362 1.30930435 1.5054629 1.38104564 1.40981396 1.34011061 1.65908809]
[2.64736441 1.33336823 1.30341496 1.5063375 1.37887891 1.4074719 1.33452247 1.6632038]
[2.65905997 1.33010015 1.29665886 1.50733625 1.37604933 1.40670223 1.33046685 1.66685566]
[2.66893892 1.32544842 1.29055349 1.50916846 1.37316524 1.40479598 1.32575372 1.67205027]
[2.67909626 1.32103601 1.28558895 1.51234168 1.37214895 1.40308832 1.32092059 1.67670243]
[2.69099652 1.31555736 1.28190066 1.51343869 1.37176064 1.40180627 1.31713929 1.68235657]
[2.70197596 1.31249611 1.27741673 1.51320052 1.37063362 1.40118229 1.31268966 1.68711747]
[2.7148575 1.30991002 1.27385645 1.51421834 1.36927522 1.40011722 1.30882523 1.69068136]
[2.72899023 1.30919063 1.27015928 1.514619 1.36983608 1.40106544 1.30598804 1.69472726]
[2.74152752 1.30927241 1.265062 1.51666214 1.36962932 1.40241269 1.30154745 1.69756164]
[2.75642828 1.30675053 1.26011217 1.51911697 1.36951209 1.4016145 1.29638439 1.69888374]
[2.76933109 1.30453412 1.25473328 1.52226719 1.36969479 1.40082918 1.29055948 1.7001876]
[2.78226436 1.30090429 1.25037293 1.52656576 1.36920529 1.4002823 1.28479088 1.70056925]
[2.79675582 1.29826616 1.24615371 1.53057269 1.37062619 1.39944841 1.28003487 1.70323489]
[2.81184097 1.29326978 1.24117753 1.53287893 1.37171425 1.39970039 1.27478814 1.7068018]
