[2.356194490192345 1.5707963267948966 1.5707963267948966 1.5707963267948966 1.5707963267948966 1.5707963267948966 1.5707963267948966 1.5707963267948966]
[2.36619447 1.56079633 1.58079633 1.58079633 1.56079633 1.56079633 1.58079633 1.58079633]
[2.37563815 1.56579813 1.58756416 1.58721022 1.5597711 1.55473177 1.58732507 1.58709826]
[2.38508988 1.57227146 1.59317354 1.59213744 1.56245603 1.55055383 1.59257243 1.59194885]
[2.39498255 1.57910696 1.59826702 1.59589333 1.56651313 1.54776028 1.59678573 1.59570198]
[2.40465148 1.58431444 1.60272978 1.59940495 1.57047937 1.5460857 1.60128476 1.59898315]
[2.41163137 1.59136108 1.60656583 1.60281949 1.57447775 1.54465143 1.60549842 1.60178926]
[2.41765778 1.59902654 1.60995857 1.60530552 1.58021623 1.5436511 1.60960282 1.60440103]
[2.41922675 1.60499879 1.61337131 1.6076864 1.5862994 1.54355622 1.61344071 1.60672492]
[2.42191163 1.61252117 1.61694837 1.6100746 1.5921121 1.54299954 1.61767162 1.6088276]
[2.42686356 1.62020131 1.62030537 1.61284494 1.59761598 1.54263992 1.62155137 1.61079365]
[2.43467337 1.62883804 1.62381012 1.61569377 1.60455203 1.54341551 1.6253941 1.6129392]
[2.44426184 1.63811462 1.62748204 1.61868825 1.61168557 1.54467539 1.62931513 1.61528117]
[2.45499666 1.64800458 1.63088339 1.62150359 1.61927104 1.54698284 1.63302801 1.61755124]
[2.46557774 1.65769929 1.63393096 1.62458982 1.62680452 1.54942233 1.63667252 1.61989437]
[2.47613693 1.66883155 1.6370845 1.62787188 1.63534305 1.55205009 1.64092108 1.62241431]
[2.48725294 1.679369 1.64009159 1.63122518 1.64302179 1.5544123 1.64496644 1.62431178]
[2.49866345 1.68834936 1.64298385 1.63459531 1.6510007 1.55730834 1.64936218 1.62619188]
[2.50797055 1.69757615 1.64580934 1.63802624 1.65976825 1.56045492 1.65385477 1.62846216]
[2.51555798 1.70719648 1.64837903 1.64083577 1.66821862 1.56354292 1.65910701 1.63078711]
[2.52427738 1.71491824 1.65135759 1.64439137 1.67784905 1.5668143 1.66382644 1.63300234]
[2.53061152 1.7239928 1.65486854 1.64774564 1.68736214 1.57058341 1.66879232 1.63552872]
[2.5360202 1.73211268 1.65921065 1.65132933 1.69734267 1.57450921 1.6740644 1.63808677]
[2.54256408 1.74087259 1.66373081 1.65467748 1.70724811 1.57862016 1.67881567 1.64076566]
[2.5521568 1.75042823 1.66824441 1.65812529 1.71656956 1.5830481 1.68431627 1.64343065]
[2.55919978 1.7607509 1.67286697 1.66170729 1.72554315 1.58805349 1.68997286 1.64623114]
[2.56807076 1.77074222 1.67757714 1.66553999 1.73427556 1.59330723 1.69592581 1.64917118]
[2.58002914 1.77950338 1.6823125 1.66951439 1.74316956 1.59820193 1.70275051 1.65220396]
[2.59119389 1.78886502 1.68683826 1.67424769 1.75198741 1.60237364 1.70898162 1.65506768]
[2.60330353 1.79905819 1.69110623 1.67915896 1.76270163 1.60760665 1.71548025 1.65769311]
[2.61524505 1.80908216 1.69548962 1.68422601 1.77374521 1.61306732 1.72188003 1.66028635]
[2.62780917 1.8200786 1.70019242 1.68945545 1.78351091 1.61852598 1.72858478 1.66261827]
[2.640763 1.83118042 1.70468836 1.69443805 1.79499445 1.62434215 1.73467459 1.66522267]
[2.65400378 1.84243919 1.70905306 1.69935991 1.80600797 1.62992076 1.74020065 1.66826226]
[2.665631 1.85326332 1.71336593 1.70470727 1.81655822 1.63537696 1.74551744 1.67159667]
[2.67273058 1.86340129 1.71736666 1.70992069 1.82596554 1.64090141 1.75140217 1.67493082]
[2.67879404 1.87375752 1.7215439 1.71491519 1.83561067 1.6469941 1.75678494 1.67869639]
[2.68865784 1.8839037 1.72566864 1.71966932 1.84631309 1.65319447 1.76196415 1.68240897]
[2.69983026 1.89374738 1.73090419 1.72482084 1.8566543 1.6597984 1.76757737 1.68647644]
[2.71318612 1.90419415 1.73598476 1.73022147 1.86596141 1.66657673 1.77406745 1.69043894]
[2.7258727 1.91470319 1.74143353 1.73624477 1.8754784 1.67332199 1.78091701 1.6948749]
[2.7388373 1.9258509 1.74654949 1.74186426 1.88573912 1.6805421 1.78822183 1.69936875]
[2.75258529 1.93627417 1.75210575 1.74842276 1.89627242 1.68828222 1.79627523 1.70371449]
[2.76731796 1.94720054 1.75774647 1.75517153 1.90668532 1.69659303 1.80398116 1.7082566]
[2.78203696 1.95834151 1.76354993 1.76186476 1.91659556 1.70560147 1.81186999 1.71272606]
[2.79755561 1.96937029 1.76914909 1.76888533 1.92666765 1.71444698 1.82027628 1.7174135]
[2.81404318 1.98124326 1.77473055 1.77556642 1.9351816 1.72345208 1.82814208 1.72199131]
[2.82987205 1.9920424 1.78004351 1.78190079 1.94334557 1.73232683 1.83681853 1.72679822]
[2.84642008 2.00213053 1.78581637 1.78826639 1.95205033 1.74097727 1.84553162 1.73174604]
[2.86526608 2.01222515 1.79223336 1.79417677 1.96147854 1.74879331 1.854889 1.73639875]
