[2.356194490192345 1.5707963267948966 1.5707963267948966 1.5707963267948966 1.5707963267948966 1.5707963267948966 1.5707963267948966 1.5707963267948966]
[2.34619452 1.58079633 1.58079633 1.58079633 1.56079633 1.58079633 1.58079633 1.58079633]
[2.35222075 1.58823785 1.58911232 1.58750976 1.55495252 1.58728079 1.58786427 1.58795047]
[2.35955647 1.59483608 1.59685669 1.59265491 1.55121977 1.5923713 1.59342159 1.59388712]
[2.35790707 1.60001973 1.60522094 1.59703218 1.54935977 1.59648478 1.59771606 1.59899323]
[2.35851702 1.60533729 1.61372439 1.60063368 1.54877085 1.60021537 1.60109645 1.60303177]
[2.35554166 1.60930344 1.62236088 1.60354743 1.54951225 1.60328321 1.60431557 1.60777407]
[2.35661466 1.61245596 1.63141984 1.60622332 1.55073941 1.60586891 1.60743989 1.61212938]
[2.35428719 1.61554497 1.64077401 1.60858846 1.55269121 1.60814888 1.61022556 1.61547988]
[2.35282862 1.61964237 1.64966153 1.6109608 1.55504432 1.61028995 1.61302709 1.618769]
[2.355576 1.62427349 1.65782465 1.61321743 1.55777288 1.61210483 1.61532708 1.62213534]
[2.35963635 1.62909959 1.66648231 1.61553393 1.56084213 1.61423558 1.6180712 1.62569845]
[2.36163765 1.63424665 1.67415213 1.61750878 1.56449639 1.61644386 1.62103446 1.62893844]
[2.3663583 1.63955933 1.68138741 1.61967125 1.56857752 1.61910425 1.62438469 1.63276701]
[2.37157419 1.64551295 1.68877086 1.62122275 1.57286021 1.62190683 1.62822176 1.63715815]
[2.37714006 1.65095984 1.69674609 1.62315451 1.57711032 1.62421501 1.63195315 1.64152126]
[2.378562 1.65603228 1.7045148 1.62470359 1.58284985 1.62640173 1.63615009 1.64552465]
[2.38386509 1.66040867 1.71059744 1.62610592 1.58812974 1.62851852 1.63996319 1.64957771]
[2.38775865 1.66491221 1.71830085 1.62756125 1.59434223 1.63047906 1.64396714 1.65441637]
[2.38996041 1.67005184 1.72608725 1.62923195 1.6007851 1.63180584 1.64806955 1.66025194]
[2.39512977 1.67565842 1.73382514 1.63059944 1.60758898 1.63337466 1.6522614 1.66596755]
[2.40154532 1.68100431 1.74322633 1.63189744 1.61453107 1.63542729 1.65616239 1.67215806]
[2.40659116 1.68682583 1.75207795 1.63313933 1.62102632 1.6376393 1.65992481 1.67714716]
[2.41467112 1.69219519 1.76111065 1.63440179 1.6278381 1.64052522 1.66307338 1.68183142]
[2.42586498 1.69832641 1.77096576 1.63577465 1.63402064 1.64350086 1.66608494 1.68734509]
[2.43696353 1.70541443 1.78031025 1.63741716 1.64009112 1.6460164 1.66915754 1.69287112]
[2.44772548 1.71327544 1.78950871 1.63969507 1.64579004 1.64859992 1.6725239 1.69893633]
[2.45840787 1.72032314 1.79959951 1.64302694 1.65191795 1.65127586 1.67602161 1.70559855]
[2.47021416 1.72603323 1.80885198 1.64607039 1.65769784 1.65493855 1.68036033 1.71276637]
[2.48252808 1.7315052 1.818097 1.64926903 1.66332035 1.6589008 1.68512129 1.720819]
[2.49344002 1.73704354 1.82676068 1.65252661 1.6689803 1.66286117 1.68975628 1.7287715]
[2.50501579 1.74263802 1.8350934 1.65603701 1.67456773 1.66671886 1.69408517 1.73642146]
[2.51361392 1.74875769 1.84486096 1.65953933 1.68116243 1.67078338 1.69824805 1.74345827]
[2.52121421 1.75487897 1.8546126 1.66364792 1.6867633 1.67513668 1.70288505 1.75098083]
[2.52959399 1.76133981 1.86460096 1.66721253 1.69326956 1.67955905 1.70769347 1.75868994]
[2.5361776 1.76787675 1.87514455 1.67104168 1.70017754 1.68373398 1.71229868 1.76619569]
[2.54516193 1.77538139 1.88550943 1.67483416 1.70625075 1.68796314 1.71698762 1.77369966]
[2.55454199 1.78341964 1.8957357 1.67929288 1.71274145 1.6917953 1.72207565 1.78207307]
[2.56493671 1.79134826 1.9065761 1.68321302 1.71838926 1.69531312 1.72682235 1.78979439]
[2.57762778 1.79926799 1.91688161 1.68733283 1.72376528 1.69923759 1.7318278 1.79680907]
[2.59268434 1.8066131 1.9269606 1.69172081 1.73033636 1.70372134 1.73724313 1.80457345]
[2.60593024 1.814736 1.93701253 1.69598037 1.73908493 1.70864679 1.74362947 1.8125599]
[2.61960946 1.82378425 1.94691652 1.69959996 1.74575918 1.71340689 1.74978985 1.82029385]
[2.63468859 1.83233431 1.95617799 1.70300956 1.75307982 1.71845242 1.75622161 1.82836713]
[2.65059089 1.84057472 1.96574234 1.70594322 1.76093479 1.72314867 1.76285828 1.83497454]
[2.66642774 1.84916036 1.97547874 1.70889139 1.76883908 1.72751919 1.76894627 1.84199654]
[2.6775125 1.85678057 1.9848055 1.7120773 1.77728065 1.73181304 1.7743094 1.84991329]
[2.69068896 1.86415326 1.993914 1.71547884 1.78643397 1.73670594 1.77971699 1.85784264]
[2.70067134 1.87219096 2.0029399 1.7188075 1.79525934 1.7418198 1.7853257 1.865551]
[2.71238322 1.88018917 2.01177134 1.72252087 1.80297595 1.74687905 1.79145958 1.87485076]
