[2.356194490192345 1.5707963267948966 1.5707963267948966 1.5707963267948966 1.5707963267948966 1.5707963267948966 1.5707963267948966 1.5707963267948966]
[2.36619448 1.58079633 1.58079633 1.58079633 1.58079633 1.58079633 1.58079633 1.58079633]
[2.36300554 1.58756462 1.58832964 1.58765823 1.58829057 1.58874913 1.58818745 1.58828253]
[2.36031421 1.59270009 1.59467422 1.59564951 1.59505976 1.59471391 1.59421078 1.59518286]
[2.35689923 1.59740255 1.60040365 1.60325178 1.60127685 1.60008005 1.59908837 1.60177174]
[2.35475952 1.6018726 1.60552128 1.6115598 1.6070363 1.6055491 1.60357758 1.60854333]
[2.35869523 1.60595095 1.61054807 1.62023486 1.6119594 1.61131873 1.60784903 1.61477268]
[2.36464571 1.60976399 1.61529092 1.62868151 1.6169246 1.61714975 1.61219666 1.61984869]
[2.36932801 1.61331689 1.61988429 1.6359071 1.62167727 1.62293384 1.61656988 1.62533473]
[2.36719866 1.61660753 1.62438266 1.64241123 1.6261069 1.62940611 1.6206874 1.63110983]
[2.36944223 1.62006087 1.62881688 1.6481169 1.63179702 1.63577961 1.62464773 1.63747102]
[2.37217281 1.62308013 1.6339653 1.65419266 1.63720781 1.64250229 1.62935959 1.64400449]
[2.37666833 1.62641697 1.63871602 1.6616752 1.64312722 1.65011834 1.63401717 1.64971579]
[2.37902038 1.62987872 1.64395593 1.67001554 1.64855959 1.65718736 1.63863876 1.65509183]
[2.3806622 1.63378663 1.64991029 1.67859151 1.65446101 1.66446424 1.64364563 1.66111822]
[2.38550753 1.63796366 1.65573659 1.68853977 1.65994554 1.67083353 1.64844734 1.66758136]
[2.39216495 1.64248436 1.66200604 1.69779712 1.66632853 1.67726199 1.6537764 1.67387911]
[2.40065216 1.64799564 1.66786435 1.70676166 1.67320535 1.68416925 1.65927125 1.68033771]
[2.41063291 1.65374015 1.67351021 1.71680622 1.68028819 1.6925346 1.66458356 1.68656663]
[2.42040923 1.65913245 1.67879613 1.72808871 1.68766217 1.69950051 1.66985084 1.69304074]
[2.43102558 1.66475553 1.68435659 1.7381008 1.69440109 1.70690002 1.67493028 1.69960767]
[2.44224116 1.67056031 1.69017348 1.74778551 1.70204705 1.71535998 1.68030903 1.70696887]
[2.45449325 1.67682977 1.69616008 1.75798205 1.70910916 1.72367862 1.68530964 1.71528448]
[2.46631523 1.68296143 1.70246956 1.7669922 1.71656339 1.732798 1.69084639 1.72297674]
[2.47641813 1.68775952 1.7087356 1.77608405 1.72427261 1.74245095 1.69630561 1.73171736]
[2.48505837 1.69318876 1.71559752 1.78597928 1.73229115 1.75216282 1.70257724 1.74085419]
[2.4944508 1.69836503 1.72333919 1.79598938 1.7402795 1.76056024 1.70810994 1.75110832]
[2.50433328 1.70415551 1.73144002 1.80595191 1.74912452 1.76946916 1.71403223 1.76088869]
[2.51418412 1.71000557 1.74013717 1.81464108 1.75759911 1.77859546 1.71996394 1.76942593]
[2.52364686 1.71617001 1.74909708 1.82341764 1.76585278 1.78787742 1.72658397 1.77750103]
[2.53539473 1.72255269 1.758189 1.83219632 1.77449341 1.79696429 1.73382438 1.78683263]
[2.54422221 1.7294134 1.76681647 1.8409106 1.78299563 1.80699848 1.74117876 1.79555837]
[2.55662443 1.73643533 1.77474447 1.85096973 1.79144878 1.81697546 1.74825315 1.8046936]
[2.56837283 1.74413133 1.7830115 1.86067529 1.79943836 1.82622723 1.75451426 1.81535265]
[2.58117877 1.75161794 1.79117551 1.8695295 1.80738454 1.83548603 1.76149583 1.82612552]
[2.59545929 1.75883399 1.79856531 1.87920641 1.81579899 1.84502649 1.7689056 1.83625084]
[2.61133767 1.76549595 1.80631838 1.88911089 1.82470881 1.85491956 1.77634993 1.8475474]
[2.62530476 1.77267106 1.81411157 1.89896027 1.83336343 1.86367284 1.78412873 1.8589458]
[2.63980663 1.77897539 1.82241904 1.90965591 1.84152836 1.87320729 1.79079308 1.8702829]
[2.65514445 1.78568804 1.83111597 1.92050114 1.85087528 1.88232864 1.79742684 1.88069126]
[2.67103451 1.79289495 1.83855207 1.93275119 1.86085263 1.89234305 1.80440725 1.89151113]
[2.68777772 1.79991967 1.84549629 1.94449035 1.87097981 1.90296176 1.81259748 1.90276667]
[2.69929883 1.80673468 1.85207193 1.95618485 1.88147681 1.91329116 1.82048164 1.91399078]
[2.71467476 1.81355513 1.85916187 1.96851198 1.89194861 1.92382852 1.82826396 1.92399232]
[2.72777152 1.8203312 1.86660839 1.9807969 1.90155448 1.93396781 1.83664451 1.93299036]
[2.74029768 1.82654433 1.87390208 1.99373468 1.90991937 1.94265732 1.84496783 1.94227407]
[2.75315864 1.83300006 1.88126963 2.00691813 1.91879717 1.95198038 1.85312614 1.95115553]
[2.76896955 1.83977845 1.88799528 2.01964751 1.92748868 1.96147183 1.86181714 1.95959747]
[2.77818151 1.84580238 1.89486047 2.03306575 1.93696855 1.97107925 1.87016247 1.9678877]
[2.79117146 1.85284956 1.90289285 2.04599276 1.94704694 1.9805481 1.87927683 1.97686796]
