[2.356194490192345 1.5707963267948966 1.5707963267948966 1.5707963267948966 1.5707963267948966 1.5707963267948966 1.5707963267948966 1.5707963267948966]
[2.36619449 1.56079633 1.56079633 1.56079633 1.56079633 1.56079633 1.56079633 1.56079633]
[2.37598066 1.55163366 1.55325256 1.55500091 1.55187537 1.55181629 1.55191232 1.55085371]
[2.37903236 1.54193054 1.54450091 1.54849984 1.54258846 1.54446413 1.54243693 1.54320603]
[2.38565395 1.53550668 1.53525785 1.5414531 1.53373699 1.53752586 1.53400167 1.53632251]
[2.39350412 1.53209526 1.52706627 1.53406893 1.52546484 1.53138732 1.52541834 1.52983726]
[2.40171997 1.52735963 1.51902693 1.52891287 1.51861593 1.52507937 1.5174137 1.5234188]
[2.40829692 1.52240304 1.51160564 1.52314085 1.5130393 1.51792896 1.50891629 1.51825403]
[2.41572158 1.51688694 1.50500597 1.51741696 1.50635722 1.51110194 1.50016343 1.51209845]
[2.42268087 1.51214875 1.49835329 1.51210577 1.5012611 1.50532071 1.49244224 1.50703191]
[2.42954987 1.50822389 1.49171582 1.50668969 1.49629273 1.50027653 1.4850938 1.50233583]
[2.43510915 1.5038419 1.48592523 1.50158102 1.49028372 1.49499738 1.47642428 1.49897192]
[2.44221715 1.49890501 1.47923684 1.49577729 1.48477148 1.4924598 1.4674731 1.49506026]
[2.44795669 1.49265533 1.47265356 1.489615 1.47898974 1.48893644 1.45966016 1.49247025]
[2.45619785 1.48577318 1.46656039 1.48492873 1.47503264 1.48606725 1.45400758 1.49160781]
[2.46460451 1.47831725 1.46030817 1.48139149 1.47071368 1.48404077 1.4470398 1.49179161]
[2.47283057 1.46927003 1.45477591 1.48003251 1.46599941 1.4829426 1.4396325 1.49031154]
[2.48195742 1.46117371 1.44937084 1.47816145 1.46146704 1.48254902 1.43338675 1.48935968]
[2.493154 1.45417278 1.44398921 1.47769914 1.45643764 1.4835529 1.42677744 1.48990806]
[2.5036362 1.44940306 1.43958599 1.475446 1.45289484 1.48375493 1.42050199 1.49139718]
[2.51463411 1.44521629 1.4347879 1.47323916 1.44906055 1.48452464 1.41305533 1.49368515]
[2.52701229 1.43983821 1.43030533 1.47231374 1.44544512 1.48518695 1.40601602 1.49613976]
[2.54008242 1.43514126 1.42535323 1.47200396 1.44209335 1.48546724 1.40089593 1.49888921]
[2.55379418 1.43191523 1.42085894 1.47152673 1.43834717 1.48688302 1.39512868 1.50217172]
[2.56703101 1.42799206 1.41539271 1.47081773 1.43553922 1.48793937 1.39005175 1.50471038]
[2.58080099 1.42275853 1.40925524 1.46958032 1.43344721 1.48951448 1.38546535 1.50655012]
[2.5954578 1.41801591 1.40408164 1.4689983 1.4304484 1.49079608 1.38060383 1.50838534]
[2.60867243 1.41188633 1.39992005 1.46793229 1.42670185 1.491216 1.37717715 1.51140383]
[2.62276309 1.4054102 1.39502113 1.46674513 1.42319463 1.49151438 1.37156794 1.51434809]
[2.63747573 1.39991354 1.38931192 1.46533472 1.41961019 1.49210002 1.36742108 1.51596037]
[2.65268229 1.39286116 1.38357693 1.46353823 1.41501702 1.49251555 1.36491888 1.51704199]
[2.6666643 1.38760205 1.37882062 1.46256668 1.41015964 1.49225799 1.36165225 1.51804708]
[2.68070745 1.38117735 1.37359542 1.46233606 1.40600879 1.49214438 1.35775632 1.5183174]
[2.69524248 1.37538154 1.36908076 1.46251431 1.40072822 1.49185568 1.35430628 1.51947922]
[2.71099737 1.36991596 1.36456581 1.46213284 1.39620819 1.49175552 1.3504427 1.52172163]
[2.72685365 1.36410913 1.35924151 1.46045488 1.39337999 1.49125154 1.34893872 1.52355484]
[2.74365894 1.35967698 1.35458287 1.45760784 1.38956637 1.49126163 1.34737171 1.5237521]
[2.75915867 1.35488749 1.3488645 1.45562338 1.38673161 1.49106708 1.34589351 1.52477902]
[2.77580063 1.35163401 1.34383274 1.45488442 1.38390942 1.49121988 1.34464822 1.52644494]
[2.79135381 1.3485281 1.34029461 1.45545669 1.381952 1.48977163 1.34286864 1.52875369]
[2.80832681 1.34475965 1.3359881 1.45699192 1.38025207 1.48849421 1.34137736 1.5310029]
[2.82537092 1.3401967 1.33119865 1.45987328 1.37970452 1.48791151 1.34045043 1.5337403]
[2.84260841 1.33610453 1.3260021 1.46226498 1.37884625 1.48705438 1.33925058 1.53542694]
[2.8601215 1.33166198 1.32199159 1.46455552 1.37819496 1.48642477 1.33795975 1.53819103]
[2.8790961 1.32667849 1.31785176 1.46783978 1.37641265 1.48516947 1.33571049 1.54329858]
[2.89910251 1.32150934 1.31378463 1.47192347 1.37454268 1.48546511 1.3334371 1.54764331]
[2.9166523 1.315931 1.31003807 1.47459845 1.37342371 1.48591764 1.33110936 1.55240025]
[2.9324952 1.31031961 1.30592704 1.47794334 1.37151723 1.48652583 1.32877075 1.55833814]
[2.94964663 1.30486799 1.30166199 1.48132396 1.36914703 1.48758804 1.32801165 1.56558514]
[2.96698804 1.30057726 1.29863146 1.48376082 1.36810054 1.48863005 1.32740163 1.5717884]
