[2.356194490192345 1.5707963267948966 1.5707963267948966 1.5707963267948966 1.5707963267948966 1.5707963267948966 1.5707963267948966 1.5707963267948966]
[2.36619449 1.56079633 1.56079633 1.56079633 1.56079633 1.56079633 1.56079633 1.56079633]
[2.37298184 1.55524438 1.55111133 1.55217217 1.55140276 1.55138794 1.55319838 1.55247308]
[2.38009974 1.54778045 1.54114508 1.5459393 1.54372155 1.5441874 1.54683218 1.54580865]
[2.38850359 1.54074335 1.53170063 1.54072243 1.53604598 1.53923023 1.54084099 1.54119007]
[2.39777846 1.53326527 1.52234846 1.535715 1.52905219 1.53462569 1.53348128 1.53680322]
[2.40657883 1.52603771 1.51298028 1.53082349 1.52176635 1.5296389 1.52695329 1.53110499]
[2.41604807 1.51771933 1.50470764 1.52628535 1.51405821 1.52515172 1.52052847 1.5255114]
[2.42525194 1.50877001 1.49627799 1.5217662 1.50642215 1.52036473 1.51522843 1.5198379]
[2.43448782 1.49981692 1.48838624 1.51699535 1.49907732 1.5156487 1.50946567 1.51478805]
[2.44449234 1.4914756 1.48009534 1.51196549 1.49163372 1.51052991 1.50435705 1.50971079]
[2.45470971 1.48213543 1.47296829 1.50876899 1.48601421 1.50607616 1.49989754 1.50637709]
[2.46345693 1.47377231 1.46562239 1.50597665 1.47945319 1.50185918 1.49580651 1.50336199]
[2.47195486 1.46533681 1.45923409 1.50266644 1.47290077 1.49765384 1.49102732 1.50000066]
[2.4799186 1.45771801 1.45372151 1.49967346 1.46660779 1.49392539 1.48594844 1.49614648]
[2.48862618 1.45141723 1.44886557 1.49682741 1.45967523 1.48804886 1.48183859 1.49217357]
[2.4982371 1.44537829 1.4432529 1.49388301 1.45376863 1.48236655 1.47749515 1.48854461]
[2.50950662 1.43868352 1.43602496 1.49139652 1.44842433 1.47693837 1.47372572 1.48611697]
[2.52103705 1.43277019 1.42966902 1.48765755 1.4424354 1.47252392 1.46995767 1.48321142]
[2.5322302 1.42660075 1.42368169 1.48516694 1.43767986 1.46987173 1.46580152 1.48108033]
[2.54329032 1.42091942 1.41820114 1.48303646 1.43260501 1.46801989 1.46261377 1.48011952]
[2.55466801 1.4150525 1.41295114 1.48210705 1.42736203 1.46696953 1.46129011 1.47878343]
[2.56551086 1.40993605 1.40906681 1.48265275 1.42229357 1.46703823 1.460465 1.47937348]
[2.57406508 1.40484619 1.40519763 1.48214739 1.41812631 1.46569561 1.45923426 1.48116514]
[2.58459671 1.39919088 1.40169251 1.48237526 1.41422224 1.46475349 1.45776865 1.48226569]
[2.59643488 1.39449704 1.39842248 1.48279643 1.41165261 1.46406752 1.45620088 1.48397378]
[2.60824192 1.38925186 1.39426332 1.48413489 1.40910889 1.46271814 1.45424533 1.4858758]
[2.62126468 1.38468584 1.38976991 1.48557043 1.4070542 1.46163613 1.45209113 1.48702961]
[2.63356675 1.37894412 1.38536627 1.48863383 1.4042529 1.4610608 1.44968913 1.4880785]
[2.64698271 1.37442924 1.38166562 1.49126869 1.40166949 1.4603095 1.44732653 1.48990985]
[2.65978595 1.37039923 1.37699211 1.4937949 1.39795238 1.46117578 1.44499775 1.49203864]
[2.67251615 1.36628655 1.37270341 1.49759429 1.39421267 1.46247356 1.44330582 1.49457811]
[2.68633948 1.36239771 1.3684245 1.50078677 1.39037177 1.46382553 1.44160429 1.49617281]
[2.70036376 1.35903966 1.36451063 1.50257835 1.38581425 1.4635137 1.44101153 1.49824175]
[2.71425283 1.35537579 1.35994084 1.50359766 1.3822666 1.46315502 1.44106706 1.5003095]
[2.72801355 1.35095263 1.35415473 1.50420185 1.37861365 1.46369987 1.44141657 1.50357999]
[2.7431385 1.34652195 1.34810614 1.50504209 1.37579702 1.46422849 1.44059048 1.50660176]
[2.75956874 1.34114337 1.34194625 1.50498753 1.37299936 1.4644766 1.43929568 1.51037218]
[2.77729938 1.33591352 1.33579852 1.50568982 1.36972529 1.46469458 1.43840939 1.51475601]
[2.79478743 1.33203061 1.32929179 1.50618545 1.36695759 1.46443401 1.43746021 1.51916761]
[2.81189235 1.32881708 1.32279275 1.50624731 1.36323955 1.46388757 1.43636937 1.52260234]
[2.82850397 1.32580328 1.31550247 1.50577017 1.35895867 1.46360582 1.43609427 1.52452309]
[2.84500214 1.32292853 1.30920314 1.50568629 1.35580381 1.46525372 1.43613956 1.52541676]
[2.86272584 1.31791489 1.30310507 1.50551908 1.35320231 1.46578368 1.43653016 1.52641869]
[2.88012128 1.31263902 1.29677319 1.50671341 1.35141645 1.4661824 1.43646282 1.52689239]
[2.89589138 1.30828057 1.29180444 1.50773708 1.35061886 1.46605307 1.43653604 1.52745977]
[2.91330543 1.30298203 1.28701344 1.51017127 1.35004932 1.46474465 1.43653698 1.5281393]
[2.93041837 1.29842709 1.28218906 1.51140919 1.34974138 1.4644918 1.43624145 1.52992443]
[2.94724269 1.29396947 1.27747042 1.51144909 1.34921121 1.46539905 1.43588378 1.53188524]
[2.96617696 1.29052206 1.27164565 1.51137577 1.34902439 1.46637095 1.43544659 1.534302]
