[2.356194490192345 1.5707963267948966 1.5707963267948966 1.5707963267948966 1.5707963267948966 1.5707963267948966 1.5707963267948966 1.5707963267948966]
[2.36619449 1.56079633 1.56079633 1.56079633 1.56079633 1.56079633 1.56079633 1.56079633]
[2.3698884 1.55147833 1.55122735 1.55321469 1.55113547 1.5507585 1.55646187 1.55141459]
[2.36867028 1.54290785 1.54190362 1.54835579 1.54182605 1.54636664 1.55187562 1.5446301]
[2.37479447 1.53583945 1.53339588 1.543443 1.53254162 1.54258668 1.5463473 1.53796342]
[2.38295078 1.53381723 1.5248433 1.53864559 1.52370408 1.53963114 1.54217026 1.53173128]
[2.39208952 1.52859939 1.51675614 1.53374282 1.51536886 1.53694134 1.5380457 1.52868904]
[2.40141975 1.52378699 1.50962318 1.52902176 1.50818216 1.53205455 1.53402423 1.5260555]
[2.41112693 1.51702692 1.50250076 1.52328012 1.50214049 1.52741426 1.5288973 1.52174837]
[2.42084345 1.50863455 1.49505522 1.51833715 1.49560007 1.52335019 1.52355433 1.51693771]
[2.43067966 1.50521194 1.48706607 1.51311819 1.48919003 1.52136686 1.52018018 1.51032154]
[2.44046261 1.5021946 1.47930101 1.50986775 1.48322671 1.51980005 1.51594007 1.5043657]
[2.45070146 1.49984303 1.47151251 1.50673625 1.47683961 1.51631025 1.51091814 1.49891513]
[2.4605217 1.49658815 1.46363094 1.50391704 1.46951548 1.51198662 1.50619629 1.49454957]
[2.47130085 1.49487223 1.45593505 1.50037959 1.46339807 1.50913941 1.50142614 1.48916004]
[2.48195672 1.49296044 1.44848605 1.49765566 1.4573725 1.50478322 1.49653673 1.48379525]
[2.49218845 1.49068942 1.44002346 1.4930709 1.45203063 1.50032296 1.49168317 1.47805549]
[2.50264916 1.48758349 1.43283379 1.48917669 1.4457818 1.49570229 1.48775593 1.47252225]
[2.51386113 1.48449771 1.42665805 1.48583685 1.44107811 1.49544243 1.48380618 1.46965851]
[2.52331275 1.48149175 1.4205429 1.48238781 1.43607491 1.49499501 1.48000759 1.46715978]
[2.53467512 1.47745174 1.41380753 1.4791085 1.43162483 1.49676848 1.47738294 1.46560013]
[2.54751661 1.4734397 1.40699646 1.47627462 1.4266217 1.4999321 1.47543574 1.46424067]
[2.56104654 1.46899987 1.40089053 1.47354304 1.42275111 1.50193311 1.47446533 1.4619145]
[2.57432583 1.46325836 1.39574921 1.4712932 1.41748635 1.50354321 1.47429984 1.45991847]
[2.58772171 1.45747673 1.39022815 1.46840557 1.41111728 1.50236762 1.47464194 1.45826325]
[2.59963249 1.45239325 1.38434248 1.46709617 1.40495918 1.50045194 1.47522382 1.4571282]
[2.6086457 1.44761932 1.37885602 1.46488466 1.39921839 1.49954992 1.47597584 1.45666327]
[2.61845672 1.44220928 1.37293823 1.46248095 1.39272084 1.50141255 1.47515248 1.4561272]
[2.62982428 1.43791521 1.36695563 1.46169972 1.38680279 1.50262592 1.47266742 1.45572429]
[2.64159737 1.4333234 1.36125278 1.46113194 1.38152011 1.50278362 1.47007915 1.45869869]
[2.65183804 1.42948077 1.35572543 1.46142574 1.3771142 1.5050642 1.46731517 1.45997528]
[2.66185568 1.4260151 1.35051229 1.46130359 1.37219573 1.51033918 1.46529156 1.46174425]
[2.67359906 1.42309077 1.34573919 1.46191815 1.36829865 1.51705556 1.46278558 1.46330422]
[2.68325419 1.42005933 1.34078121 1.46169367 1.36491146 1.52266472 1.46139795 1.46660421]
[2.69583336 1.41702743 1.33581688 1.4606413 1.36177538 1.52718117 1.45919659 1.47084816]
[2.70879401 1.41394731 1.3307079 1.45937864 1.35875276 1.52922431 1.45750872 1.47560911]
[2.72231166 1.41200386 1.32570212 1.4593422 1.35485467 1.53015943 1.4555715 1.47911662]
[2.73680211 1.40917186 1.32065931 1.45928574 1.35053263 1.52793822 1.45322976 1.48194167]
[2.75038929 1.4061526 1.31495982 1.45830928 1.34647722 1.52568403 1.45118226 1.48387956]
[2.76580941 1.40153676 1.30921984 1.45678281 1.34084145 1.5232349 1.44939792 1.48403093]
[2.7798313 1.39682048 1.30312628 1.45575032 1.33515798 1.52162616 1.44816747 1.48336783]
[2.79427558 1.39184795 1.29720598 1.45573669 1.33064293 1.51919384 1.4471989 1.48180496]
[2.80876602 1.38795986 1.29266691 1.45586502 1.32711752 1.51762203 1.44727955 1.4811583]
[2.82375923 1.38284833 1.28832065 1.45621561 1.32334153 1.51728561 1.44772426 1.47991612]
[2.83810608 1.37922494 1.28381377 1.45698101 1.32025526 1.51655682 1.44937014 1.48088402]
[2.85018883 1.37432286 1.27912049 1.45816098 1.31846584 1.51641021 1.45117688 1.48131114]
[2.86441819 1.36948479 1.27419749 1.45922767 1.31597943 1.51515811 1.45279269 1.48223268]
[2.87967329 1.36563439 1.27016883 1.46104108 1.31245204 1.51401262 1.45354589 1.48416161]
[2.89734625 1.36233814 1.26569384 1.46222921 1.30937442 1.51436414 1.45525176 1.48505565]
[2.91692895 1.35942756 1.26062004 1.46270517 1.30653324 1.51524019 1.45747956 1.48743738]
