[2.356194490192345 1.5707963267948966 1.5707963267948966 1.5707963267948966 1.5707963267948966 1.5707963267948966 1.5707963267948966 1.5707963267948966]
[2.36619449 1.56079633 1.56079633 1.56079633 1.56079633 1.56079633 1.56079633 1.56079633]
[2.37543875 1.55110237 1.55126129 1.55087948 1.55073819 1.55168778 1.55542522 1.55084483]
[2.38490679 1.54140762 1.5429209 1.54209777 1.54094611 1.54380396 1.55001542 1.54158659]
[2.39481233 1.53268687 1.53557032 1.53274506 1.53089345 1.53582707 1.54523533 1.53333657]
[2.40477038 1.52494855 1.52896751 1.52564686 1.52155217 1.52938954 1.53971354 1.5268896]
[2.41469207 1.51625342 1.5208671 1.51802869 1.51159461 1.52380053 1.53652989 1.52130503]
[2.4250614 1.5073238 1.51235109 1.51012968 1.50352292 1.51948213 1.53394356 1.51441598]
[2.43581967 1.50001849 1.50364658 1.50202021 1.49493405 1.51447602 1.5308792 1.50961895]
[2.44622669 1.49215455 1.49499341 1.49563315 1.48817433 1.51000137 1.52831006 1.50677679]
[2.45646341 1.48439322 1.48755836 1.49031904 1.48188645 1.50691479 1.52552376 1.50381096]
[2.46592293 1.4775417 1.47961533 1.48397911 1.47521083 1.50331175 1.52084692 1.50250435]
[2.47631303 1.47141644 1.47201642 1.47885054 1.46969588 1.50075965 1.51635462 1.50047892]
[2.48763582 1.46623398 1.46347961 1.47193397 1.46436684 1.49928707 1.51263077 1.497053]
[2.49784281 1.46042854 1.45498996 1.46612451 1.45806604 1.49754267 1.50987504 1.49299455]
[2.50788854 1.45516035 1.44735803 1.46070023 1.45079993 1.49533819 1.50682622 1.48965189]
[2.51834497 1.45060589 1.43976797 1.45620187 1.44304655 1.49372932 1.5044545 1.48780275]
[2.52987748 1.44573329 1.43270041 1.45115485 1.43410728 1.49293333 1.5023626 1.48805627]
[2.54145942 1.44119595 1.42590223 1.446939 1.42546772 1.49155052 1.49898414 1.48869383]
[2.55397612 1.438672 1.41897391 1.44222552 1.41712376 1.48815644 1.49657781 1.48996624]
[2.56661878 1.43701992 1.41181387 1.43842307 1.40939813 1.48569699 1.49425036 1.49005548]
[2.57725109 1.43565514 1.40477239 1.43364425 1.40178252 1.48497488 1.49237443 1.48935483]
[2.58784286 1.43377174 1.39787463 1.42833428 1.39410671 1.48389884 1.49165674 1.48923776]
[2.59957024 1.43122807 1.39178762 1.42259277 1.38726767 1.48308262 1.49133294 1.49016019]
[2.61180326 1.42796674 1.38675712 1.42003317 1.38037276 1.48359199 1.4910153 1.49087861]
[2.62448991 1.42487155 1.38181752 1.41690608 1.374377 1.4858952 1.49039428 1.49332818]
[2.63805944 1.42164452 1.37640822 1.41564011 1.36848208 1.48824925 1.48975828 1.4954857]
[2.65122724 1.41777969 1.37081944 1.41673443 1.36274983 1.48951716 1.48969283 1.49846551]
[2.66217427 1.41493534 1.3657787 1.41887201 1.35689951 1.49058568 1.49005765 1.50086997]
[2.67494782 1.41086252 1.36071173 1.42145865 1.35023117 1.49177849 1.48949455 1.50400688]
[2.68750692 1.40715416 1.35505081 1.42157274 1.34444958 1.49444665 1.48912895 1.50792885]
[2.70111016 1.40369915 1.34976431 1.42292447 1.33895948 1.49755523 1.48809207 1.51120703]
[2.71586116 1.40069949 1.34447264 1.42619266 1.33413284 1.50102905 1.48765008 1.5144257]
[2.72962284 1.3982114 1.33980684 1.42939321 1.32937101 1.5022455 1.48635909 1.51624961]
[2.74173929 1.39566562 1.33459041 1.43071453 1.326384 1.5048806 1.48413129 1.51775006]
[2.75450917 1.39265825 1.32949139 1.43111005 1.32265455 1.50758553 1.48273243 1.52014555]
[2.76493835 1.39058182 1.32418693 1.43154909 1.3180671 1.51126577 1.4805797 1.52358494]
[2.77497508 1.38966518 1.31878502 1.43203998 1.31428068 1.51413346 1.47808401 1.52674249]
[2.78549854 1.38722422 1.31388275 1.43323352 1.31158352 1.51663977 1.47468022 1.53013397]
[2.79835774 1.38413168 1.30874267 1.43512645 1.30953236 1.5202804 1.47186044 1.53149693]
[2.80983816 1.38016092 1.30468832 1.43615595 1.30625399 1.52398712 1.47039932 1.53262921]
[2.82313469 1.37699588 1.30080627 1.43810197 1.30206639 1.52679384 1.4683442 1.53398664]
[2.83859604 1.37328087 1.29630011 1.44060605 1.29838978 1.52891643 1.4672449 1.53556928]
[2.85583854 1.36911127 1.2915391 1.4426807 1.29377966 1.5312435 1.46599109 1.53737937]
[2.87444113 1.36505239 1.2869278 1.44641337 1.28947757 1.53386141 1.46551584 1.53906227]
[2.89319287 1.36091482 1.28194606 1.44955242 1.28350533 1.53569877 1.46593589 1.54084616]
[2.91000941 1.35600079 1.27736979 1.45156501 1.27783738 1.53688216 1.46564581 1.54391573]
[2.92869042 1.35057213 1.27333993 1.45258944 1.27193867 1.53883837 1.46504859 1.54666443]
[2.94812328 1.34529329 1.27001482 1.45332447 1.26539007 1.54067539 1.46437178 1.54805389]
[2.9685142 1.34003778 1.26697736 1.45474965 1.260984 1.54361167 1.46388384 1.55049521]
