[2.356194490192345 1.5707963267948966 1.5707963267948966 1.5707963267948966 1.5707963267948966 1.5707963267948966 1.5707963267948966 1.5707963267948966]
[2.34619449 1.56079633 1.58079633 1.56079633 1.56079633 1.56079633 1.56079633 1.58079631]
[2.34274639 1.55240105 1.57671589 1.55405056 1.55079296 1.55383265 1.55433616 1.57323912]
[2.34538143 1.54537428 1.5695724 1.5477037 1.5407862 1.54800609 1.54612146 1.56438597]
[2.34937023 1.53870397 1.56246059 1.54227873 1.53113118 1.54104923 1.53879876 1.55774585]
[2.35526725 1.53175071 1.55412997 1.53778471 1.52210261 1.53355023 1.53130119 1.54935392]
[2.36295625 1.52567145 1.54534807 1.53446183 1.51275165 1.52553092 1.52416243 1.54020047]
[2.37095572 1.519912 1.53617878 1.53078903 1.5045451 1.51744247 1.51718185 1.53269021]
[2.38018115 1.51585885 1.52757537 1.52812943 1.49680361 1.51065499 1.5100318 1.52453164]
[2.39007085 1.51117182 1.51965325 1.52556826 1.489282 1.50555116 1.50294305 1.51760185]
[2.39989289 1.50597259 1.51292888 1.52309632 1.48264912 1.50109968 1.49713381 1.51039904]
[2.40834533 1.50212811 1.50640072 1.5218838 1.47527206 1.49840879 1.49163152 1.50491411]
[2.41596651 1.49760227 1.49974647 1.52099518 1.46901699 1.49620724 1.48709494 1.49854002]
[2.42326846 1.49411007 1.49257458 1.51958847 1.46416305 1.49379985 1.48234835 1.49332251]
[2.43262349 1.49118713 1.48613741 1.51882233 1.45826834 1.49132627 1.4782765 1.48724354]
[2.44271121 1.48873537 1.48020431 1.51706325 1.45276319 1.48776974 1.47446142 1.48002608]
[2.45340613 1.48686971 1.47409903 1.51587318 1.44785238 1.48342408 1.47110328 1.47186626]
[2.46527274 1.483015 1.46749567 1.51571197 1.44119128 1.47957788 1.46871666 1.46464254]
[2.47572455 1.47780422 1.46131031 1.51555594 1.43517819 1.47532474 1.464736 1.45703706]
[2.48650914 1.47299835 1.45591466 1.5159238 1.42938283 1.47239949 1.46045968 1.45171973]
[2.49814382 1.46833281 1.45121418 1.51452368 1.42388036 1.46949143 1.45682235 1.44822287]
[2.51019205 1.46272282 1.44738021 1.51373643 1.41895799 1.466423 1.45369247 1.44446655]
[2.52150084 1.4570546 1.44197311 1.51248346 1.41529717 1.46421547 1.45050309 1.43978773]
[2.53388448 1.45284663 1.4362821 1.51204969 1.41063863 1.46170122 1.44770636 1.43615765]
[2.54653647 1.44862178 1.43096999 1.51138697 1.40706496 1.4614209 1.44601355 1.43424097]
[2.55961071 1.44555037 1.42496074 1.51201424 1.40335897 1.46147721 1.44343946 1.43306715]
[2.57359858 1.44169556 1.41902933 1.51331971 1.40045261 1.46212733 1.44043006 1.4340033]
[2.58658648 1.43799957 1.41283159 1.51404564 1.39706616 1.46193489 1.43714132 1.43669057]
[2.60077256 1.43476847 1.40667056 1.51483129 1.39296539 1.46142674 1.43382042 1.4380101]
[2.61371777 1.43084296 1.40111355 1.51504039 1.38957889 1.46258436 1.4306148 1.44016425]
[2.62750337 1.42726044 1.39625445 1.51534287 1.38685293 1.46320593 1.4286618 1.4424621]
[2.64159662 1.42417862 1.39098331 1.51568433 1.38460411 1.46360172 1.42558291 1.4457351]
[2.65632607 1.42013614 1.3863247 1.51698973 1.38194883 1.46371449 1.42306579 1.44870251]
[2.67162477 1.41564507 1.3818856 1.51712063 1.37844593 1.46409795 1.41919937 1.45086704]
[2.68581592 1.41190797 1.37721788 1.51723314 1.37478795 1.4644129 1.41577057 1.45331577]
[2.69879317 1.40876574 1.37186092 1.5162278 1.37087846 1.46575498 1.41269498 1.45569619]
[2.71421803 1.40449239 1.36626707 1.51533637 1.36675562 1.46692709 1.4111279 1.45899247]
[2.72958303 1.40128211 1.36116595 1.51404329 1.36262178 1.46796043 1.41070093 1.46203316]
[2.74540193 1.39834836 1.35614169 1.51305875 1.35947441 1.46953669 1.41105859 1.46581094]
[2.76140677 1.39592952 1.35094642 1.51223229 1.35755547 1.47031408 1.41101638 1.46969783]
[2.77722116 1.39548411 1.34546455 1.51137177 1.35644158 1.47023278 1.41083673 1.47522561]
[2.79340549 1.39458542 1.33915813 1.5104093 1.35409595 1.46993497 1.41070858 1.4792261]
[2.81066834 1.3928261 1.33200424 1.5102697 1.35207052 1.46926528 1.41094312 1.48274623]
[2.82833656 1.39208329 1.32545555 1.50986757 1.34912249 1.46884491 1.4117996 1.48639764]
[2.84647617 1.38998546 1.31860098 1.5093104 1.34700389 1.46888195 1.41250525 1.49083821]
[2.86576629 1.38862166 1.3110935 1.50837888 1.34543803 1.46894632 1.41243179 1.49471151]
[2.88467808 1.38613597 1.30260835 1.50867463 1.34377084 1.46856988 1.41194407 1.49876301]
[2.90232722 1.38364205 1.29439014 1.51008621 1.34077292 1.46869731 1.4117273 1.50302392]
[2.92105279 1.38053145 1.28717376 1.51186187 1.33730726 1.46982511 1.41073413 1.50783906]
[2.94154388 1.37639666 1.27992175 1.51436845 1.33375154 1.47045236 1.41007703 1.51197047]
