[2.356194490192345 1.5707963267948966 1.5707963267948966 1.5707963267948966 1.5707963267948966 1.5707963267948966 1.5707963267948966 1.5707963267948966]
[2.36619444 1.58079633 1.58079633 1.58079633 1.58079633 1.58079633 1.58079633 1.58079633]
[2.37552027 1.58849306 1.58777748 1.58681928 1.58940513 1.5874209 1.58910041 1.58751578]
[2.38461175 1.59471515 1.5938055 1.59168529 1.59678183 1.59255833 1.59833724 1.59254353]
[2.38850648 1.59965432 1.59875909 1.5960502 1.60309019 1.59663381 1.60635801 1.59706287]
[2.39475618 1.60478434 1.603202 1.60053836 1.60923317 1.60071612 1.6152816 1.60100922]
[2.3958936 1.60952757 1.60699788 1.60393168 1.61536574 1.60438157 1.62322065 1.60426207]
[2.4004024 1.61348402 1.61092791 1.60789015 1.62043753 1.60755159 1.63056803 1.60751741]
[2.40711808 1.61764306 1.61454067 1.61208148 1.62545724 1.61058094 1.63744573 1.61031044]
[2.41047685 1.62093749 1.61781452 1.6153505 1.62982005 1.61325517 1.6437345 1.61314726]
[2.41636808 1.62459506 1.62103993 1.61889134 1.63445506 1.61584362 1.65137105 1.61574674]
[2.42194537 1.6279789 1.62450628 1.62201388 1.63840816 1.61839272 1.65770672 1.61783778]
[2.4281592 1.6319786 1.62794916 1.62502777 1.64316114 1.62106915 1.6651651 1.61986143]
[2.43235962 1.63435748 1.63155238 1.62846056 1.64809337 1.62338841 1.6732635 1.62169024]
[2.43958754 1.63583125 1.63501929 1.63224997 1.65295733 1.62554039 1.68254652 1.62383247]
[2.44813392 1.63861692 1.63808784 1.63569945 1.65884396 1.62814033 1.69125718 1.62644848]
[2.45796738 1.64205247 1.6406476 1.63890883 1.66540803 1.63100648 1.70048624 1.62930793]
[2.46885602 1.64667747 1.64340318 1.64311014 1.67229014 1.63385981 1.70922857 1.63216748]
[2.47973967 1.65114386 1.64634855 1.64762848 1.67933368 1.63652001 1.71804775 1.63525354]
[2.48385254 1.65618043 1.64975709 1.65169548 1.68534086 1.63946465 1.7270772 1.63876746]
[2.48702882 1.66176018 1.65338435 1.65571339 1.69152911 1.64343454 1.73624842 1.64246059]
[2.4912474 1.66804722 1.65708557 1.65971688 1.69831362 1.64767287 1.74682462 1.64605836]
[2.4942411 1.67563066 1.66132704 1.66418801 1.70552559 1.65205598 1.75676151 1.64965201]
[2.50084279 1.68356764 1.66579095 1.66874395 1.71208078 1.65700899 1.76649423 1.65313351]
[2.50407454 1.69166307 1.67017345 1.67383703 1.71950853 1.66228995 1.77459118 1.65671696]
[2.50572296 1.6992511 1.67483932 1.6794346 1.72574818 1.66713471 1.78312286 1.66041184]
[2.51119315 1.70649175 1.67916685 1.68325968 1.73294524 1.67217904 1.79218319 1.66406032]
[2.51654581 1.71362601 1.68321344 1.68734495 1.74050212 1.67747288 1.80206695 1.66749909]
[2.52562808 1.72102404 1.68708141 1.69205797 1.74835367 1.68338746 1.8119834 1.6709933]
[2.5354956 1.72901809 1.69161801 1.69807326 1.75565614 1.68969735 1.82187601 1.67464413]
[2.54163522 1.73791018 1.69648747 1.70411675 1.76247175 1.69566548 1.83119474 1.67914824]
[2.5491096 1.74663341 1.70155758 1.71105181 1.77013422 1.70242322 1.84105781 1.68356769]
[2.55496422 1.75486468 1.70627567 1.71826497 1.77813983 1.70881625 1.85181225 1.68834727]
[2.56260071 1.76275146 1.71131424 1.72636944 1.786266 1.71597006 1.86312624 1.69344756]
[2.57193098 1.77034265 1.71709526 1.7351878 1.79474532 1.72336639 1.87448484 1.69746283]
[2.58480798 1.7771361 1.72307918 1.74399263 1.80344084 1.73069989 1.885585 1.70203899]
[2.59570255 1.78356527 1.72903046 1.75254326 1.81133818 1.73858443 1.89558468 1.70657458]
[2.60517052 1.79108608 1.73533013 1.76044868 1.81941218 1.74533149 1.90423158 1.71187974]
[2.61660201 1.79971126 1.74156959 1.76899078 1.82821228 1.7526547 1.91302457 1.71727514]
[2.62880787 1.80882588 1.74715788 1.77777151 1.83703447 1.75998811 1.92140435 1.72181383]
[2.64372473 1.81784517 1.75327193 1.78637828 1.84518154 1.7674272 1.92874735 1.72644881]
[2.65275057 1.82705153 1.75990813 1.79540791 1.85337185 1.77460707 1.93515473 1.73108664]
[2.66493958 1.83652578 1.76610734 1.80463912 1.86235577 1.7819483 1.94280037 1.73633967]
[2.67910952 1.84609784 1.77241563 1.81339604 1.87170929 1.78869714 1.95065157 1.74093542]
[2.68966714 1.85669593 1.77898311 1.82232094 1.8817099 1.79607803 1.95935082 1.74585548]
[2.70224234 1.86682185 1.78620804 1.83102165 1.89164967 1.80406744 1.96835163 1.75139132]
[2.7162539 1.876575 1.79402343 1.83961866 1.90252601 1.8116191 1.9791437 1.75663495]
[2.72578162 1.88675557 1.80166294 1.84850529 1.91248746 1.82084663 1.99114271 1.76242838]
[2.73926297 1.89741203 1.80927391 1.85811398 1.92268974 1.83031383 2.00204462 1.7683339]
[2.75312307 1.90760728 1.81595877 1.86785898 1.9335544 1.83979689 2.01249242 1.77401704]
