[2.356194490192345 1.5707963267948966 1.5707963267948966 1.5707963267948966 1.5707963267948966 1.5707963267948966 1.5707963267948966 1.5707963267948966]
[2.34619449 1.56079633 1.56079633 1.56079633 1.56079633 1.56079633 1.56079633 1.58079633]
[2.35117085 1.5520508 1.55146269 1.55142185 1.55244044 1.55580271 1.55316042 1.58454743]
[2.35506831 1.54441966 1.54265168 1.54164492 1.547049 1.55031388 1.54547909 1.58528427]
[2.36184595 1.53691932 1.53524396 1.53205261 1.54334866 1.54461741 1.53776144 1.58405138]
[2.36982808 1.5314662 1.52810343 1.52209215 1.53883583 1.53794942 1.53055619 1.58362039]
[2.3788687 1.52488421 1.52126538 1.51290228 1.53132935 1.53195743 1.52317207 1.58229884]
[2.38846814 1.51816517 1.5150147 1.50306625 1.52448303 1.52491411 1.51631239 1.58070553]
[2.3964287 1.51138328 1.50954689 1.49536077 1.51764892 1.51972073 1.50945111 1.57685969]
[2.40469425 1.50417826 1.50464586 1.48794905 1.50955492 1.51498996 1.5029378 1.57507332]
[2.41445234 1.49626713 1.49900189 1.47944038 1.50220765 1.51033302 1.4968655 1.57388519]
[2.42520328 1.48847202 1.49286671 1.47489474 1.49430059 1.5050917 1.49097421 1.57263556]
[2.43524885 1.4805048 1.48744349 1.46914714 1.48735297 1.49944294 1.48649061 1.57186427]
[2.44451298 1.47283526 1.48153548 1.46682643 1.48256491 1.49374158 1.48257043 1.56956597]
[2.45392227 1.46802173 1.47616459 1.46522349 1.47717387 1.48833336 1.47781394 1.56703061]
[2.46400771 1.46277668 1.47148765 1.46195339 1.47091445 1.4840762 1.47348682 1.56637406]
[2.47509053 1.45831276 1.46786622 1.45765371 1.46509847 1.48083702 1.47048961 1.56824912]
[2.48677606 1.45174387 1.46400894 1.45382308 1.45917303 1.47782551 1.46689425 1.5692552]
[2.49887051 1.44489223 1.4596019 1.45071451 1.45394031 1.47392255 1.46337051 1.57070266]
[2.51085387 1.43764023 1.45490189 1.44867247 1.44889826 1.47006012 1.46026633 1.57243237]
[2.52302213 1.43068603 1.45064688 1.44587617 1.44313308 1.46484043 1.45594485 1.57382569]
[2.53646197 1.42419742 1.4466231 1.44323492 1.43976211 1.46049747 1.4525901 1.57697691]
[2.54856743 1.41887718 1.44175893 1.4423789 1.43769948 1.45663814 1.44940782 1.57986867]
[2.56083887 1.41399916 1.43746122 1.43952966 1.43485964 1.45293219 1.4473788 1.58352383]
[2.57329599 1.40884383 1.43351664 1.43643625 1.43118378 1.44947192 1.44472611 1.58878124]
[2.5843329 1.40359609 1.42847029 1.43697605 1.42771004 1.44619924 1.44184821 1.59455335]
[2.59521772 1.39663965 1.4232109 1.43731459 1.42462996 1.44335025 1.43886839 1.60105209]
[2.60822537 1.38958832 1.41842798 1.43455889 1.42262496 1.44005392 1.43561081 1.607489]
[2.62214293 1.38278793 1.41383978 1.43361212 1.42124273 1.43733213 1.43307374 1.61493178]
[2.63616517 1.37668085 1.40860736 1.4327269 1.42077959 1.43585155 1.42992441 1.62195502]
[2.64764549 1.37052059 1.40385908 1.43214131 1.42051518 1.43395205 1.42651334 1.63002628]
[2.65839795 1.36455083 1.39988508 1.43103474 1.41890918 1.43265745 1.42403107 1.63709261]
[2.67215367 1.35859452 1.39658722 1.43019756 1.41763803 1.43136051 1.42159423 1.64373979]
[2.68687072 1.35226717 1.39270894 1.42874263 1.41572017 1.43134528 1.41961237 1.64980965]
[2.69948989 1.34666263 1.39027379 1.42616519 1.41260493 1.43125726 1.41789762 1.65699976]
[2.71286879 1.34012628 1.38712347 1.42330572 1.41141521 1.43169156 1.41498546 1.66495643]
[2.72635663 1.33488101 1.383216 1.41986672 1.40754153 1.43191048 1.41174153 1.67261381]
[2.7406282 1.32883893 1.37951276 1.41675369 1.4042227 1.43163735 1.4089528 1.67956271]
[2.75535264 1.32219416 1.37559645 1.41401827 1.40165496 1.43068233 1.40680178 1.68639758]
[2.76902869 1.31699599 1.37175623 1.41273094 1.39751512 1.42838698 1.4042208 1.69362557]
[2.78056709 1.31225623 1.36865911 1.41065783 1.39350061 1.42588749 1.40211654 1.7006226]
[2.79318739 1.30760529 1.36564036 1.41070336 1.3901909 1.42264975 1.40001844 1.70717755]
[2.80632963 1.30147926 1.3621647 1.40883435 1.38722132 1.41965556 1.39806116 1.71447688]
[2.82135313 1.295286 1.35766688 1.40714715 1.38455892 1.41731916 1.3962672 1.72174163]
[2.83844286 1.2883821 1.35381762 1.40511666 1.38122805 1.41538156 1.39474506 1.73016122]
[2.85653655 1.2814135 1.34904863 1.40478319 1.37952056 1.4148792 1.39385102 1.73712097]
[2.87237198 1.27515135 1.34389127 1.40538188 1.37694688 1.41689823 1.39306981 1.74337363]
[2.88508292 1.26889781 1.3393284 1.40262966 1.37512971 1.4181903 1.39243137 1.75033243]
[2.89804888 1.26314122 1.33472554 1.40089641 1.3734407 1.42009943 1.39146379 1.7567075]
[2.90845699 1.25668033 1.33101557 1.39890248 1.37172432 1.42183233 1.39034766 1.76205253]
