[2.356194490192345 1.5707963267948966 1.5707963267948966 1.5707963267948966 1.5707963267948966 1.5707963267948966 1.5707963267948966 1.5707963267948966]
[2.36619449 1.58079633 1.56079633 1.56079633 1.56079633 1.56079633 1.56079633 1.56079633]
[2.36746257 1.57625904 1.55172035 1.55500096 1.55215246 1.55203993 1.55218026 1.55332621]
[2.37349524 1.56863248 1.54206202 1.54783779 1.54501298 1.54330169 1.54430596 1.54717199]
[2.37601888 1.56290502 1.532064 1.54067569 1.53886115 1.53542137 1.53618334 1.54111607]
[2.38178447 1.55546509 1.52249736 1.53446611 1.53194888 1.52902266 1.52845783 1.53468889]
[2.38972756 1.5476695 1.51255127 1.52722347 1.5235067 1.52203863 1.52044974 1.52812005]
[2.39761513 1.5428184 1.50232146 1.52000513 1.51463953 1.51684636 1.51278924 1.5214103]
[2.40493018 1.53749422 1.49202946 1.51201272 1.5065656 1.5111743 1.50612885 1.51499573]
[2.41235661 1.53076506 1.48294239 1.50599241 1.50292401 1.50782172 1.49868573 1.50946342]
[2.42077478 1.52347622 1.47380104 1.50037901 1.49772294 1.50442468 1.49206019 1.5044644]
[2.4304963 1.51665415 1.4646945 1.49819845 1.49321512 1.50111001 1.48669275 1.49988543]
[2.44117063 1.5114764 1.45519308 1.49623211 1.48837478 1.49831764 1.48080143 1.49610044]
[2.45114905 1.50736492 1.44630735 1.49380227 1.48279074 1.49487513 1.47676746 1.49258283]
[2.46199846 1.50161499 1.43732387 1.49242266 1.47691335 1.49078374 1.47324354 1.48953293]
[2.47241291 1.49568047 1.4294987 1.49030196 1.47086482 1.48725658 1.47058402 1.48673734]
[2.48357223 1.48968139 1.42158384 1.48776421 1.4641066 1.48357231 1.46886472 1.48364242]
[2.49599599 1.48322147 1.41504971 1.48553577 1.45749284 1.48036477 1.46780033 1.48050669]
[2.50716326 1.48009472 1.40818306 1.48417284 1.45005295 1.47748451 1.46491473 1.47788994]
[2.51887654 1.47623929 1.40204549 1.48356046 1.44210821 1.47554125 1.4623837 1.47548425]
[2.53160557 1.47133598 1.39558999 1.48095293 1.43323526 1.47471537 1.46116848 1.47514858]
[2.54421336 1.46647047 1.39021909 1.48139114 1.42525157 1.47429169 1.46100118 1.47467734]
[2.55669495 1.46275632 1.38423658 1.48227049 1.41580993 1.47240404 1.45955777 1.47341637]
[2.56934034 1.45887869 1.37726688 1.48313221 1.40657046 1.47104006 1.45916287 1.4739662]
[2.58231306 1.45526893 1.37124471 1.4856639 1.39709018 1.46938685 1.45763067 1.47387952]
[2.59656209 1.45184237 1.36640218 1.48625914 1.38994718 1.46772612 1.4560294 1.47397607]
[2.61088567 1.44991801 1.36164268 1.48636609 1.38225564 1.46735984 1.4535202 1.47332885]
[2.62485274 1.44740493 1.35730654 1.48930326 1.37615201 1.4674964 1.45160139 1.47332791]
[2.6382395 1.44777271 1.35378381 1.49093333 1.37047557 1.46761048 1.45005544 1.4733936]
[2.65136883 1.4484447 1.35065552 1.49232244 1.36623864 1.46875266 1.44878736 1.4724035]
[2.66466029 1.4474645 1.34602281 1.49449686 1.360396 1.46963396 1.44807505 1.47136104]
[2.67760077 1.44554617 1.34097411 1.4961499 1.35369139 1.47057461 1.44702356 1.47071706]
[2.68912395 1.44332312 1.33604428 1.49952096 1.34710658 1.47174022 1.44544846 1.4701318]
[2.70137108 1.44228003 1.33046714 1.50277629 1.3424786 1.47239017 1.44369525 1.4696203]
[2.71328474 1.44048274 1.32485784 1.50507154 1.33753631 1.47279883 1.44227454 1.46999762]
[2.72617598 1.43949215 1.31882253 1.50859686 1.3314025 1.47350026 1.44144694 1.47039495]
[2.7403965 1.43833506 1.31252382 1.51188862 1.3236717 1.47499404 1.44109012 1.47253468]
[2.75318317 1.43812639 1.30594972 1.51527173 1.31701156 1.47773035 1.44085872 1.47432694]
[2.76371816 1.43751627 1.29882906 1.51920651 1.31185377 1.48061066 1.4418551 1.4765556]
[2.77716994 1.43794133 1.29241967 1.52284856 1.30708115 1.48243564 1.44155225 1.47857155]
[2.79126335 1.43831464 1.28717466 1.52593379 1.30342182 1.48355595 1.44163162 1.48262769]
[2.80513451 1.43768843 1.28174511 1.52847906 1.29995595 1.48549807 1.44346878 1.48737307]
[2.81695699 1.43618596 1.27695122 1.53024563 1.29647712 1.48765881 1.44541817 1.49120079]
[2.83090498 1.43441701 1.27243165 1.53245456 1.29169727 1.4903588 1.4467365 1.49437363]
[2.84445277 1.43101667 1.26771965 1.53667687 1.2869125 1.49251197 1.44820896 1.49747129]
[2.85267267 1.42829333 1.26238111 1.53948866 1.28241941 1.49474595 1.45006772 1.50009858]
[2.86291131 1.42633255 1.25732972 1.54033362 1.27779279 1.49557121 1.45254226 1.50150337]
[2.87725238 1.42435166 1.25178975 1.54259837 1.2723232 1.49667547 1.45279558 1.50212679]
[2.89436333 1.42248231 1.24631461 1.54481056 1.26740088 1.49845454 1.45309774 1.5028196]
[2.91257019 1.42078453 1.24122176 1.54877216 1.26365053 1.49965421 1.45223329 1.50388594]
