[2.356194490192345 1.5707963267948966 1.5707963267948966 1.5707963267948966 1.5707963267948966 1.5707963267948966 1.5707963267948966 1.5707963267948966]
[2.34619449 1.56079633 1.56079633 1.56079633 1.56079633 1.56079633 1.56079633 1.56079633]
[2.35095891 1.55074572 1.55094292 1.55249324 1.55077047 1.55108021 1.55107118 1.5507564]
[2.35830791 1.54518166 1.542089 1.54614895 1.5419523 1.54347594 1.54198441 1.54124273]
[2.3639776 1.54015328 1.53252093 1.54209218 1.53317369 1.53539881 1.53342525 1.53386993]
[2.37143423 1.53472542 1.52333757 1.53770632 1.52646266 1.52933023 1.52626917 1.52660949]
[2.38026959 1.52851927 1.51560905 1.53389046 1.52004661 1.5247007 1.51887515 1.5197003]
[2.3879052 1.52150345 1.50647999 1.52992404 1.51553686 1.5204663 1.5117286 1.51236329]
[2.39685443 1.51462094 1.49715333 1.52672012 1.51211128 1.51464845 1.50460783 1.50767282]
[2.40634307 1.50885517 1.48786636 1.52199953 1.50799281 1.50963276 1.49793344 1.50299025]
[2.41663914 1.50266763 1.48243133 1.51640816 1.5044239 1.50519462 1.4928292 1.49892007]
[2.42769296 1.49607984 1.4773222 1.51126021 1.49953302 1.50138956 1.48737729 1.49554069]
[2.43852525 1.49018488 1.47272976 1.50651161 1.49399325 1.49792122 1.48128197 1.49179227]
[2.44454532 1.48389204 1.46912363 1.50214666 1.48833314 1.49522093 1.47522541 1.48869336]
[2.45119038 1.47574991 1.46496572 1.49887552 1.48326154 1.49350302 1.47046712 1.48556]
[2.4579187 1.46858448 1.46195041 1.49622676 1.47863977 1.49166195 1.46614306 1.48182736]
[2.46453858 1.46256591 1.46097908 1.49426299 1.47418466 1.49042267 1.46326287 1.4797421]
[2.47086425 1.45618734 1.45955238 1.49229916 1.46984184 1.49050534 1.46056229 1.47707957]
[2.4784688 1.45169148 1.45628186 1.49016512 1.46490454 1.49158422 1.45805501 1.47249111]
[2.48355936 1.44661856 1.45370576 1.48789902 1.45899615 1.49406737 1.45459158 1.46869705]
[2.48917035 1.44194914 1.45126445 1.48558218 1.45340751 1.49800507 1.4521291 1.46659588]
[2.49707244 1.43594788 1.4472581 1.48326954 1.44748483 1.50204109 1.45055618 1.46520046]
[2.50551683 1.43103103 1.44369232 1.48204177 1.4420223 1.50684558 1.44823739 1.4631222]
[2.51189837 1.42588808 1.44223619 1.48176884 1.43647796 1.51355478 1.44530665 1.46042887]
[2.52144654 1.42079719 1.44111486 1.48178931 1.43199605 1.51741912 1.44287725 1.45809932]
[2.53173626 1.41511332 1.43861631 1.48301033 1.42767778 1.52040724 1.44059025 1.45686776]
[2.54138758 1.41183177 1.43570556 1.48413404 1.4242956 1.52267549 1.43758596 1.45658752]
[2.55131781 1.40952976 1.43146501 1.48484608 1.42232167 1.52288121 1.43406808 1.45637594]
[2.56056995 1.40605587 1.42537566 1.48579345 1.42020516 1.52317261 1.4298283 1.45582944]
[2.57010167 1.40346453 1.42042229 1.4863606 1.4174835 1.52355025 1.42568777 1.45443403]
[2.58086444 1.40140951 1.41643104 1.48683403 1.41397856 1.52549866 1.42341356 1.45293084]
[2.59377989 1.39949552 1.41324663 1.48590751 1.41069776 1.52742805 1.42182693 1.45192854]
[2.60548598 1.39889995 1.4104843 1.48568884 1.40802572 1.52934929 1.42057869 1.45073648]
[2.61468096 1.39836075 1.40734454 1.4855926 1.40473498 1.53179251 1.41885701 1.45191461]
[2.61868715 1.39903533 1.40437122 1.4855583 1.40131181 1.53416136 1.41713243 1.4549708]
[2.62562097 1.40114853 1.40128802 1.48562089 1.39777919 1.53646965 1.41619481 1.45781976]
[2.63379607 1.40166862 1.39735781 1.48601371 1.39331514 1.53899995 1.41478818 1.45989317]
[2.64277011 1.40308046 1.39322123 1.48631801 1.38940449 1.54127679 1.41260524 1.46133205]
[2.65353959 1.40318957 1.39106468 1.48605017 1.38521903 1.54330574 1.40987554 1.46317469]
[2.66627405 1.40065697 1.38763495 1.48652227 1.37967909 1.54515985 1.40796666 1.46524067]
[2.67906626 1.39745347 1.38421404 1.48820535 1.3750543 1.54744241 1.40627621 1.46684198]
[2.69313643 1.39312786 1.38089944 1.48964253 1.37028815 1.5505771 1.4036689 1.46815852]
[2.70548262 1.38861467 1.37623324 1.49028252 1.36619972 1.55251157 1.40116555 1.46883392]
[2.718086 1.38370423 1.37150383 1.49085852 1.36071847 1.55404677 1.39923701 1.47009617]
[2.73181986 1.37740283 1.36764557 1.4934247 1.35588388 1.55545596 1.39628876 1.47175622]
[2.74768775 1.37190712 1.3619466 1.49660677 1.35178226 1.55608176 1.39250635 1.47461443]
[2.76373592 1.3666823 1.35822894 1.49865386 1.34815179 1.55722478 1.38738859 1.47861118]
[2.78104143 1.3646912 1.35380184 1.50023049 1.34431969 1.55870281 1.38369088 1.48012006]
[2.80032593 1.36305419 1.34911236 1.50246798 1.34054359 1.55949473 1.38101274 1.48048167]
[2.8196875 1.36071681 1.34389571 1.50563532 1.33827785 1.56090849 1.37977499 1.4801297]
