[2.356194490192345 1.5707963267948966 1.5707963267948966 1.5707963267948966 1.5707963267948966 1.5707963267948966 1.5707963267948966 1.5707963267948966]
[2.34619449 1.56079633 1.56079633 1.56079633 1.56079633 1.56079633 1.56079633 1.58079633]
[2.35306432 1.554414 1.55074472 1.5507519 1.55250181 1.55092653 1.55328489 1.58560047]
[2.35652583 1.54816056 1.54065282 1.54065743 1.54501818 1.54394386 1.54647533 1.59046846]
[2.3628696 1.54184968 1.5308558 1.53355266 1.53760086 1.53651497 1.53976483 1.59314569]
[2.37014751 1.53690735 1.52073407 1.5257826 1.52972301 1.52875203 1.53261786 1.59214799]
[2.37847564 1.53112554 1.51119491 1.51704469 1.5225917 1.52134243 1.52667921 1.59070662]
[2.38719282 1.52590761 1.50174459 1.50925251 1.51570572 1.51421856 1.52147056 1.59047257]
[2.39674653 1.52003046 1.4928551 1.50199385 1.51004162 1.50684102 1.51673016 1.59036435]
[2.40681382 1.51346807 1.48366169 1.49517295 1.50391217 1.4986244 1.51231022 1.58822685]
[2.41766562 1.50594541 1.47514894 1.48877306 1.49806402 1.4912889 1.50709503 1.58885168]
[2.42908949 1.4986476 1.46663169 1.48531847 1.49291942 1.48428819 1.50196489 1.58870166]
[2.43946717 1.49048519 1.45879052 1.48335957 1.48778387 1.47814591 1.49632205 1.58728505]
[2.44882731 1.48215556 1.45070163 1.48108461 1.48356499 1.47421567 1.49170466 1.58449877]
[2.45935904 1.47390013 1.44201339 1.48074169 1.47850647 1.47020173 1.48715354 1.58143046]
[2.47075104 1.46643348 1.43337258 1.4801691 1.47348663 1.46576647 1.48252532 1.57911661]
[2.48231831 1.45881669 1.42520187 1.47948297 1.46851384 1.46152621 1.47780831 1.57559834]
[2.49456867 1.45242131 1.41754804 1.47886325 1.46472403 1.45794843 1.47367729 1.57322195]
[2.50757845 1.44704307 1.41010255 1.47626068 1.46063322 1.45338369 1.47011795 1.57176072]
[2.5201926 1.44335134 1.40375386 1.47262543 1.45717204 1.4497169 1.4656931 1.57338892]
[2.53197103 1.43966939 1.3971541 1.4718536 1.45360874 1.4462651 1.46179287 1.57539876]
[2.5443635 1.43553053 1.39079482 1.46968204 1.44923973 1.44351937 1.45739039 1.57802005]
[2.55648824 1.42945131 1.38536896 1.4677808 1.44587478 1.44116367 1.45470053 1.57997908]
[2.56810458 1.42395514 1.3801514 1.46525638 1.44252789 1.43972378 1.45221177 1.58187826]
[2.5800551 1.42009459 1.37464778 1.46278193 1.43867235 1.43994622 1.44949076 1.58276281]
[2.5933225 1.41679612 1.36886228 1.46066064 1.43440425 1.43991694 1.44576554 1.5840767]
[2.60546261 1.41421093 1.36338027 1.45900374 1.43202831 1.43915625 1.44334476 1.58578059]
[2.61783105 1.41211625 1.35737198 1.45861517 1.42964808 1.43957801 1.44071476 1.58883457]
[2.63155411 1.4097459 1.35127606 1.4573047 1.42673757 1.44009315 1.43945863 1.59084222]
[2.64463987 1.40787007 1.34524724 1.45610403 1.42423244 1.43928872 1.43805154 1.59393613]
[2.65860972 1.40564632 1.33844562 1.45601334 1.42192607 1.43916147 1.43827197 1.59635558]
[2.67292065 1.40231358 1.33127817 1.45451822 1.42054559 1.43747017 1.43840925 1.59964931]
[2.68735991 1.39978693 1.32464131 1.45380054 1.41897115 1.43570739 1.43832942 1.60460646]
[2.70054734 1.39633594 1.31647018 1.45407327 1.41663007 1.43471511 1.4383177 1.60944546]
[2.71324364 1.39107474 1.30889502 1.45456838 1.41455257 1.43280188 1.43838318 1.61510358]
[2.72654419 1.38629035 1.30224005 1.45437727 1.412989 1.43100781 1.4395036 1.62012536]
[2.74033582 1.38149277 1.29557188 1.45517198 1.41220262 1.42852357 1.44076884 1.62660276]
[2.75567666 1.37796891 1.28873648 1.45445625 1.41108452 1.42506422 1.44234948 1.63235161]
[2.77113792 1.37414937 1.28093674 1.45429243 1.41117643 1.42291179 1.44381531 1.63698871]
[2.7876649 1.36981151 1.27415726 1.45475764 1.41113983 1.4204359 1.44462085 1.64073708]
[2.80287315 1.36571298 1.26619224 1.4566775 1.40978127 1.41900946 1.44498434 1.64369906]
[2.81913615 1.36260377 1.25934014 1.4579631 1.40760815 1.41929894 1.44447684 1.64639996]
[2.83508212 1.36075673 1.25225312 1.45895891 1.40660746 1.42068595 1.44393269 1.65005544]
[2.85322142 1.35886806 1.24602677 1.45841919 1.40535404 1.42214651 1.4430261 1.65363158]
[2.87133314 1.35613944 1.23997447 1.45850372 1.40508245 1.42244329 1.44189774 1.6564743]
[2.88981429 1.35292065 1.23382209 1.4598971 1.40457289 1.42155879 1.43982288 1.66072809]
[2.90813658 1.34864292 1.22668935 1.46202518 1.40433606 1.42038618 1.43873784 1.66517256]
[2.92643296 1.34407363 1.22074857 1.46359523 1.40330898 1.41824673 1.4373087 1.66970281]
[2.94541934 1.33883726 1.21568471 1.46420811 1.40268083 1.41780058 1.43538739 1.67483505]
[2.96447602 1.33395947 1.21033932 1.46554282 1.40192414 1.41575061 1.43347477 1.67904937]
