[2.356194490192345 1.5707963267948966 1.5707963267948966 1.5707963267948966 1.5707963267948966 1.5707963267948966 1.5707963267948966 1.5707963267948966]
[2.3461945 1.58079633 1.58079633 1.58079633 1.58079633 1.56079633 1.58079633 1.58079633]
[2.33627797 1.58746161 1.58772521 1.58785609 1.58737482 1.55511252 1.58739919 1.58951166]
[2.32663439 1.59225355 1.59282054 1.59314009 1.59241635 1.55182859 1.5928435 1.59544316]
[2.31745021 1.59638678 1.59793551 1.59747577 1.59694297 1.54992245 1.59733653 1.60200338]
[2.31191315 1.59964106 1.60283774 1.60139924 1.60105905 1.54912968 1.60145264 1.60794266]
[2.30676253 1.60253766 1.6074362 1.60503373 1.60494306 1.54882676 1.60517935 1.61488419]
[2.30566091 1.60495204 1.61188142 1.60812802 1.60878865 1.54903619 1.60885631 1.62247272]
[2.30793738 1.60733359 1.61662065 1.61097658 1.612303 1.5499463 1.61247743 1.63011058]
[2.31070694 1.60976093 1.62176526 1.61363702 1.61522893 1.55155374 1.61558215 1.63759334]
[2.31174287 1.61169255 1.62775583 1.61648502 1.61867834 1.55376605 1.61916272 1.6452892]
[2.31297534 1.61411466 1.6338166 1.61960883 1.62167661 1.55663772 1.62265262 1.65342108]
[2.31330945 1.61665714 1.64036412 1.62268882 1.6251772 1.55958578 1.62591791 1.66233879]
[2.3161931 1.61937949 1.64701922 1.62546598 1.62826073 1.56301435 1.62939381 1.67040296]
[2.31897897 1.6223017 1.65383904 1.6280328 1.63115811 1.56600292 1.63254462 1.67758673]
[2.3230067 1.62558707 1.66106419 1.63038572 1.63387565 1.56906501 1.63584063 1.68426993]
[2.32825627 1.62915897 1.66831059 1.63308084 1.63708693 1.57297817 1.63920391 1.69113105]
[2.33425316 1.63299836 1.6742331 1.6359213 1.64039248 1.57713614 1.64261078 1.69794735]
[2.34030153 1.63695192 1.68025015 1.63871863 1.64404572 1.58128126 1.64638403 1.70593106]
[2.34774193 1.64060271 1.68631216 1.64098692 1.64834031 1.58549766 1.64965158 1.71275719]
[2.35677641 1.64400559 1.69250511 1.64329791 1.65224309 1.5897418 1.6535829 1.71919596]
[2.36609426 1.64737967 1.69942855 1.64592032 1.6562021 1.59493135 1.65768314 1.72634151]
[2.37710311 1.65080847 1.70636012 1.6490209 1.66010066 1.60031006 1.66184045 1.73390188]
[2.38951088 1.65434453 1.71276365 1.65209589 1.66352187 1.60560236 1.6664249 1.73916711]
[2.4003018 1.65820104 1.71994478 1.65482299 1.66717094 1.61130808 1.67129666 1.74579839]
[2.4107885 1.66198991 1.72676421 1.65805245 1.67083242 1.61666465 1.67602839 1.75277197]
[2.42143786 1.66597776 1.73411403 1.66210532 1.67419533 1.62276092 1.68063815 1.76096502]
[2.43432959 1.67055956 1.74214409 1.66704981 1.67797173 1.6291183 1.68549992 1.7703528]
[2.44699235 1.6748574 1.74974 1.67208706 1.68190455 1.63626781 1.68989435 1.77926971]
[2.46118392 1.67960174 1.758282 1.67701347 1.68658326 1.64301832 1.69437734 1.7882517]
[2.47575261 1.68459062 1.76710848 1.68259246 1.69145524 1.65021471 1.69857811 1.79770051]
[2.49111682 1.68925537 1.7759062 1.68807082 1.69609019 1.65723839 1.70330765 1.80775949]
[2.50195124 1.69455902 1.78529692 1.69353535 1.70061201 1.66448137 1.70765302 1.81811089]
[2.51374668 1.69982091 1.79382248 1.69941891 1.70474233 1.67073749 1.71238771 1.82735659]
[2.52683535 1.70413064 1.80316221 1.70529283 1.70920432 1.67754986 1.71752474 1.83569576]
[2.54025081 1.70850608 1.81216108 1.71135281 1.71431661 1.68410733 1.72325792 1.84501765]
[2.55422888 1.71294169 1.8212218 1.71753135 1.72007434 1.69111775 1.72935019 1.8540237]
[2.56766525 1.71741249 1.82945923 1.72338341 1.72597445 1.69949868 1.73566268 1.86336805]
[2.57824827 1.72184785 1.83829805 1.72968026 1.73218938 1.70703251 1.74151044 1.87323778]
[2.58764604 1.72702516 1.84754457 1.73697073 1.73904063 1.71381592 1.74777096 1.88301201]
[2.59897293 1.73240148 1.85649374 1.74369143 1.74555399 1.72025544 1.75383495 1.89313872]
[2.61062676 1.73805344 1.86535686 1.74972254 1.75125169 1.72675254 1.75968975 1.90304079]
[2.62480045 1.74403695 1.87418725 1.75580398 1.75642725 1.73429166 1.76522023 1.91349456]
[2.63684799 1.75047221 1.8834324 1.76131173 1.7618995 1.74222576 1.77052167 1.92367304]
[2.64567767 1.75835048 1.89219083 1.76689748 1.76761368 1.75075556 1.77514897 1.93437984]
[2.65607599 1.76573614 1.90149352 1.7718872 1.77396652 1.76034272 1.77952747 1.94568238]
[2.66333734 1.77378995 1.91028625 1.77704138 1.78085307 1.76932806 1.78378645 1.95785768]
[2.67355492 1.78161459 1.91862918 1.7820118 1.78801131 1.77806868 1.78863175 1.96949029]
[2.68651582 1.78967272 1.92677622 1.78680396 1.79433967 1.78672989 1.79372125 1.98094508]
[2.69774757 1.79753308 1.93595676 1.79117447 1.80074937 1.79469803 1.79966125 1.99202614]
