[2.356194490192345 1.5707963267948966 1.5707963267948966 1.5707963267948966 1.5707963267948966 1.5707963267948966 1.5707963267948966 1.5707963267948966]
[2.36619449 1.56079633 1.58079632 1.56079633 1.56079633 1.58079633 1.56079633 1.56079633]
[2.37601928 1.55350687 1.57310132 1.55080527 1.55128739 1.58804448 1.55253156 1.55123575]
[2.3788769 1.54510477 1.56431985 1.54261883 1.54172588 1.58963105 1.54326798 1.54258483]
[2.3850838 1.53718503 1.55580098 1.53832916 1.53240149 1.58581843 1.53395532 1.53327076]
[2.39328015 1.52947072 1.5466542 1.53269205 1.52294049 1.57904757 1.52439449 1.52340839]
[2.40125723 1.52436804 1.53721666 1.52703632 1.51396617 1.57149167 1.52025175 1.51490366]
[2.40290035 1.52138311 1.53094364 1.5207179 1.50458608 1.56607217 1.5163306 1.506246]
[2.40502715 1.51953137 1.52498786 1.51561765 1.49471944 1.56076207 1.5133557 1.496755]
[2.40839053 1.51770086 1.51919857 1.51363988 1.48476083 1.55661154 1.50817105 1.48994022]
[2.41463927 1.51480926 1.51315331 1.51341608 1.476728 1.55111553 1.50206614 1.48353639]
[2.42157531 1.51015696 1.50552364 1.51076568 1.46918146 1.54806642 1.49765473 1.4766113]
[2.43048749 1.50428633 1.49845224 1.50704382 1.46066832 1.54657899 1.49482761 1.46957763]
[2.43935074 1.49772052 1.49065507 1.50313739 1.45189116 1.5462097 1.49208258 1.46192136]
[2.44736919 1.49068589 1.48410455 1.49804628 1.44401822 1.54472858 1.49135578 1.45572567]
[2.45567729 1.48621463 1.47679701 1.49496928 1.43672807 1.54375606 1.4902475 1.44969528]
[2.46301213 1.48256961 1.46921891 1.49195782 1.42856575 1.54486477 1.49019093 1.44199733]
[2.47032339 1.47740533 1.46211515 1.49111748 1.42111437 1.54333773 1.490572 1.43436848]
[2.47820947 1.47110896 1.45641959 1.49073996 1.41457704 1.54336254 1.48859528 1.42864095]
[2.48759287 1.46460474 1.44973415 1.49136112 1.40666953 1.54073192 1.4873385 1.42351528]
[2.49810849 1.45886463 1.4432262 1.49405949 1.39853081 1.53996777 1.48800889 1.41847389]
[2.50889388 1.45148008 1.43602767 1.49675281 1.39243601 1.5389318 1.48654422 1.41352974]
[2.51932454 1.44555947 1.43009986 1.4978595 1.38565578 1.53940281 1.48347218 1.407917]
[2.53107256 1.4390257 1.42460739 1.49575899 1.38116476 1.53842464 1.47824292 1.40068192]
[2.54197585 1.43469346 1.41964109 1.49636261 1.37581286 1.53830183 1.47378413 1.39525516]
[2.55184111 1.42954268 1.41434914 1.4980256 1.36932385 1.53844423 1.46894425 1.3891622]
[2.56355674 1.42692911 1.4084338 1.49970411 1.36381422 1.5382491 1.46629715 1.38376131]
[2.57425212 1.42383029 1.40375468 1.50187165 1.35723769 1.53912949 1.4617151 1.38182106]
[2.58657846 1.42016014 1.40075775 1.50152181 1.35291137 1.53979546 1.4585299 1.37797098]
[2.6000564 1.41638864 1.39642543 1.49832051 1.34865437 1.54320821 1.45504601 1.37407312]
[2.61125739 1.41561476 1.39232467 1.49692324 1.34487054 1.54613271 1.45139688 1.3716904]
[2.62399356 1.41536507 1.38809932 1.49681509 1.34249195 1.54768194 1.4490577 1.37075484]
[2.63507973 1.41414826 1.38391799 1.49733563 1.34050454 1.55034532 1.44812397 1.36790714]
[2.64420353 1.41232846 1.38073647 1.4962661 1.34146024 1.55438662 1.44585172 1.36736302]
[2.65328945 1.41114411 1.37666761 1.49379621 1.34206029 1.55807315 1.44308743 1.3657238]
[2.66201325 1.40975832 1.37419935 1.4909167 1.34289731 1.56101563 1.44116314 1.3659663]
[2.6698859 1.40808612 1.37026324 1.48744765 1.34260205 1.56441223 1.44221271 1.36584241]
[2.6779368 1.40712866 1.36578779 1.48492847 1.34074136 1.56919485 1.44543851 1.36650764]
[2.68873535 1.40559023 1.36005218 1.48216808 1.33907202 1.57481967 1.44985455 1.36564988]
[2.70048189 1.40253553 1.35613166 1.48172397 1.33506521 1.57811859 1.456489 1.36575416]
[2.71255216 1.40026542 1.35150989 1.48149532 1.3317246 1.58245575 1.46002947 1.36537377]
[2.72533807 1.39768234 1.34721858 1.4814798 1.32702773 1.58611104 1.46325412 1.36538167]
[2.74111382 1.39475983 1.34230812 1.47988281 1.32254673 1.58995954 1.4633819 1.36550506]
[2.75479111 1.39172167 1.33655092 1.47899284 1.3190681 1.59385701 1.46519126 1.36301226]
[2.76722423 1.38830876 1.3300597 1.47722295 1.31574597 1.60011136 1.46627282 1.35971196]
[2.78157639 1.38557098 1.32330425 1.47671411 1.31381929 1.60541355 1.46582314 1.35739185]
[2.79603799 1.38301067 1.31705543 1.47756346 1.31053855 1.61127273 1.4659392 1.35590442]
[2.81269151 1.38037402 1.313213 1.47870861 1.30615099 1.61494019 1.46561494 1.35648636]
[2.82872177 1.37651857 1.30936235 1.47875575 1.30134504 1.61915468 1.46444797 1.35732613]
[2.84713814 1.37163143 1.30465077 1.48045323 1.29689281 1.62193793 1.46414108 1.35882717]
