[2.356194490192345 1.5707963267948966 1.5707963267948966 1.5707963267948966 1.5707963267948966 1.5707963267948966 1.5707963267948966 1.5707963267948966]
[2.36619449 1.56079633 1.56079633 1.56079633 1.56079633 1.56079633 1.56079633 1.56079633]
[2.37618247 1.55194705 1.55279611 1.55296324 1.55088302 1.55121924 1.55115361 1.55324618]
[2.38155488 1.54416623 1.54467229 1.54564447 1.54174006 1.54149411 1.54665076 1.54475201]
[2.38874748 1.5368824 1.53661029 1.53945822 1.53563102 1.53384179 1.53939412 1.53785318]
[2.39214427 1.52877779 1.52783662 1.53196071 1.53111505 1.52586957 1.53387155 1.53207393]
[2.39850607 1.5209219 1.51941378 1.52439057 1.526855 1.51886103 1.52621047 1.52670937]
[2.40663387 1.51261624 1.51180491 1.5198265 1.5227313 1.51153764 1.518113 1.52070659]
[2.41568131 1.50539169 1.50540709 1.51619212 1.52021844 1.50525056 1.51051854 1.51578184]
[2.42571073 1.49847786 1.49895279 1.51192019 1.5146802 1.50162991 1.50527955 1.51148293]
[2.43505398 1.49288139 1.49372792 1.50805423 1.50709277 1.49710736 1.49917336 1.50853445]
[2.44375561 1.48752377 1.48942535 1.50646013 1.49837417 1.49120499 1.49260671 1.5055776]
[2.45379038 1.48479503 1.48342866 1.5041086 1.48938178 1.48697699 1.48645294 1.50424866]
[2.46193037 1.47957668 1.47681974 1.50027435 1.4806783 1.4817805 1.48058973 1.50491168]
[2.47136014 1.47534567 1.47026691 1.49673744 1.472449 1.47744055 1.47400155 1.50559857]
[2.48220658 1.47048661 1.46431937 1.49460828 1.46362121 1.47270329 1.46713235 1.50667541]
[2.49398889 1.46717321 1.45847464 1.49432217 1.45482461 1.46850339 1.45932777 1.50693611]
[2.50470975 1.46264287 1.45248416 1.49296388 1.44519574 1.46417616 1.45140348 1.5068381]
[2.51605922 1.45868901 1.44595118 1.49017699 1.43607622 1.46180007 1.44367907 1.50748289]
[2.52764644 1.45336766 1.43952695 1.48767649 1.42979001 1.45868917 1.43649158 1.50814672]
[2.53905115 1.44753518 1.43464481 1.48657519 1.42463752 1.45374396 1.42957194 1.50912012]
[2.55033238 1.44189831 1.42992571 1.48719836 1.42081897 1.4490763 1.42204467 1.51111236]
[2.56189984 1.43587034 1.42508597 1.48771071 1.41562351 1.44508787 1.41447308 1.51258728]
[2.57438709 1.43133085 1.42055624 1.48723133 1.41183365 1.44257754 1.4079598 1.51255602]
[2.58812309 1.42690107 1.41667373 1.48481428 1.40675286 1.44004943 1.40215507 1.51333697]
[2.60292661 1.42210098 1.41356225 1.48262445 1.40173068 1.4383822 1.39611077 1.51407894]
[2.61696647 1.4175225 1.40934744 1.48251108 1.39968126 1.43782125 1.39048239 1.51453437]
[2.63036903 1.41304375 1.40489674 1.48208457 1.39610562 1.43709845 1.38581836 1.51730849]
[2.6444075 1.40875456 1.40102422 1.48112279 1.39268888 1.43531024 1.38031457 1.52083988]
[2.65886209 1.40486091 1.39805369 1.48099093 1.38938402 1.43366476 1.3766291 1.52384219]
[2.67328464 1.40020664 1.39482986 1.4803205 1.38547894 1.43255609 1.37519671 1.52759098]
[2.68788323 1.3963628 1.39091378 1.47974763 1.3802509 1.43215099 1.37308905 1.53060594]
[2.70289875 1.39289078 1.38776525 1.47845544 1.37777275 1.4326302 1.370826 1.5337327]
[2.71636346 1.38968356 1.38393117 1.47690781 1.37619167 1.43253666 1.36895843 1.53737999]
[2.72996352 1.38564592 1.38078782 1.47622162 1.37487161 1.43220004 1.36734405 1.54106259]
[2.74461471 1.38092289 1.37791279 1.47670188 1.37197593 1.43324105 1.36498979 1.54475255]
[2.75991382 1.37735241 1.37472244 1.47782732 1.3699131 1.43469332 1.36323694 1.54911927]
[2.77534426 1.37355134 1.37167908 1.47865026 1.36855783 1.4360585 1.36244666 1.55374735]
[2.79092214 1.36915598 1.36798379 1.47928196 1.36761608 1.43679026 1.36132906 1.5573634]
[2.8059637 1.36447255 1.36390563 1.48068226 1.3647196 1.43816622 1.36112724 1.56073389]
[2.82248573 1.36079744 1.36047128 1.48202628 1.36078862 1.44063501 1.36055545 1.56362064]
[2.8396085 1.35722286 1.35750346 1.48382037 1.35708587 1.44228453 1.35872464 1.56782087]
[2.85566874 1.35254625 1.35372623 1.48593653 1.35346516 1.44349939 1.35670887 1.57388708]
[2.87331996 1.34824322 1.35000946 1.48752275 1.35047115 1.44489729 1.35393487 1.57996469]
[2.89187749 1.3439033 1.34613104 1.49010812 1.3487054 1.44658938 1.35152393 1.58642996]
[2.90978165 1.33941117 1.34244595 1.49204337 1.34612991 1.44748808 1.34853482 1.59247273]
[2.9263736 1.33511585 1.33822815 1.49412663 1.34178371 1.44783342 1.34633343 1.59780447]
[2.94240924 1.33201988 1.33386361 1.49743352 1.33810097 1.44992608 1.34471869 1.60282308]
[2.96105887 1.32922783 1.32931273 1.50064729 1.3348003 1.45217273 1.3424514 1.60784101]
[2.98152124 1.32562013 1.32424434 1.50359244 1.33021118 1.45400018 1.33986808 1.61386333]
