[2.356194490192345 1.5707963267948966 1.5707963267948966 1.5707963267948966 1.5707963267948966 1.5707963267948966 1.5707963267948966 1.5707963267948966]
[2.36619449 1.56079633 1.58079633 1.56079633 1.56079633 1.56079633 1.56079633 1.56079633]
[2.3759261 1.55218316 1.58348085 1.55154171 1.55130481 1.55354132 1.55074128 1.55086673]
[2.38379245 1.54275449 1.57840713 1.54204599 1.54295462 1.54601441 1.54069902 1.54345583]
[2.39225042 1.53302208 1.57204765 1.53232904 1.53491782 1.53783404 1.53062844 1.53700828]
[2.39713923 1.52519228 1.56456939 1.52273219 1.52599901 1.5306869 1.52113839 1.53304264]
[2.40353782 1.51679338 1.55613564 1.51304092 1.51752993 1.52365823 1.51341516 1.52802049]
[2.40999338 1.50881091 1.54763737 1.50275311 1.50933364 1.51857078 1.50809641 1.52320637]
[2.41799683 1.50041206 1.54058951 1.49295115 1.50123129 1.51312903 1.5036379 1.5179636]
[2.42689396 1.49128798 1.5338878 1.48487017 1.49510853 1.50736013 1.49952476 1.51292746]
[2.43562603 1.48238023 1.52653813 1.47861236 1.48742355 1.50188181 1.49520465 1.50930222]
[2.44556325 1.4724472 1.51996561 1.47351838 1.47930107 1.49767852 1.49012557 1.50518736]
[2.45591292 1.46338067 1.51317217 1.47063757 1.47270746 1.49249837 1.48565985 1.50073777]
[2.46651786 1.4563895 1.50570771 1.47063075 1.46641729 1.48752168 1.47991292 1.4972399]
[2.47651588 1.44991694 1.49806953 1.46990017 1.46082162 1.48314032 1.47322259 1.49581507]
[2.48763895 1.44340141 1.48953898 1.4669038 1.45471041 1.47997279 1.46722527 1.49413639]
[2.49779942 1.4353594 1.48155513 1.46476623 1.44880696 1.47915032 1.46008067 1.49287509]
[2.50856146 1.42826973 1.47357528 1.46382094 1.44243532 1.47978436 1.453789 1.49308927]
[2.52028901 1.42030535 1.46568392 1.4627523 1.437117 1.48072717 1.44779891 1.49458296]
[2.53273134 1.41354545 1.45873488 1.46065313 1.43428571 1.48148899 1.44228615 1.49510297]
[2.54522904 1.4060144 1.45215633 1.45727682 1.43123351 1.48068433 1.43607567 1.49592736]
[2.55838534 1.40099667 1.44568297 1.45554609 1.42926088 1.4816257 1.42927615 1.49734322]
[2.57088624 1.39692175 1.43858833 1.45624561 1.42599622 1.48174956 1.42369345 1.49837732]
[2.58223608 1.39396828 1.43256599 1.45673545 1.42187988 1.48160006 1.41892759 1.49884406]
[2.59547268 1.39097935 1.4272085 1.45661603 1.41687217 1.47979658 1.41472382 1.49927253]
[2.60816872 1.38867451 1.42223246 1.45723473 1.41151913 1.47916705 1.40933003 1.50008641]
[2.62096645 1.38518828 1.41737506 1.45791705 1.4077331 1.47893219 1.40364798 1.50143358]
[2.63486878 1.38044324 1.41178031 1.4605378 1.40392239 1.47965049 1.39807813 1.50314893]
[2.64895724 1.37562696 1.40616663 1.46270943 1.40224817 1.4807133 1.39319593 1.50533552]
[2.66138404 1.37203707 1.40078903 1.46547288 1.39956953 1.4811989 1.38974512 1.50513565]
[2.67461323 1.36765337 1.39524103 1.46712816 1.39776118 1.48491742 1.38788868 1.50525673]
[2.68768586 1.3644356 1.38953283 1.46929581 1.39535644 1.48968929 1.38632929 1.50613871]
[2.70060289 1.36072099 1.38436103 1.47469 1.39251428 1.49483868 1.38309239 1.50822209]
[2.71155899 1.35684954 1.37953491 1.48046583 1.38930301 1.49926838 1.38034545 1.51044595]
[2.72461058 1.35370919 1.3752019 1.48591464 1.38601315 1.50363023 1.37832935 1.51287935]
[2.73822717 1.35090869 1.37091357 1.49153864 1.38216792 1.50698505 1.37643564 1.51543697]
[2.75185927 1.34716623 1.36565284 1.49786898 1.37915259 1.50970335 1.3751493 1.51823301]
[2.76523516 1.3433471 1.36044148 1.50339637 1.37495223 1.51170056 1.37334935 1.52167847]
[2.77871269 1.33918964 1.3557172 1.5096077 1.37009938 1.51384701 1.37170689 1.52576356]
[2.79307627 1.33394553 1.35079433 1.51563401 1.36532492 1.51629793 1.37067127 1.52891951]
[2.80792671 1.32782432 1.34551586 1.52023281 1.36086057 1.51923582 1.37008446 1.53265196]
[2.82279764 1.32218672 1.34132018 1.52568018 1.35664439 1.52238689 1.36955338 1.53563599]
[2.84009632 1.31634576 1.33722946 1.52708862 1.351525 1.52415533 1.36743366 1.53717838]
[2.85773355 1.31200325 1.33205508 1.52992303 1.34584504 1.52440735 1.36600847 1.53950887]
[2.87495835 1.30962326 1.32691303 1.53271305 1.34249569 1.5242658 1.36475754 1.54234176]
[2.89205689 1.30814472 1.32193049 1.53620419 1.33899713 1.52434738 1.36375436 1.54605086]
[2.91045422 1.30709778 1.31707187 1.53769872 1.33530533 1.52543237 1.36342902 1.55005906]
[2.93037828 1.30452738 1.31136891 1.5397391 1.3329765 1.52672596 1.36313549 1.55427847]
[2.95131379 1.30118897 1.30456303 1.54131801 1.32998704 1.53047303 1.36207787 1.5580124]
[2.97169093 1.29757414 1.29760623 1.54266077 1.3266089 1.53340709 1.3608276 1.56185126]
