[2.356194490192345 1.5707963267948966 1.5707963267948966 1.5707963267948966 1.5707963267948966 1.5707963267948966 1.5707963267948966 1.5707963267948966]
[2.36619449 1.56079633 1.58079633 1.56079633 1.56079633 1.58079632 1.56079633 1.56079633]
[2.37621571 1.55335252 1.57393234 1.55425386 1.55232427 1.57473418 1.55206125 1.55168674]
[2.38364812 1.54673771 1.56527509 1.54842696 1.54388667 1.56808764 1.54414525 1.54246167]
[2.39232034 1.54087124 1.55617292 1.5426392 1.53579624 1.56005917 1.53802492 1.53288867]
[2.40182992 1.53749261 1.54704763 1.53801327 1.52700484 1.55309019 1.53262632 1.52549621]
[2.41076964 1.53357059 1.5387908 1.53280684 1.51766252 1.54773571 1.52706157 1.51800068]
[2.4205078 1.52995456 1.53086126 1.52788344 1.51046214 1.54339632 1.5212809 1.50952323]
[2.43042396 1.52738282 1.52358814 1.52235475 1.50306006 1.537831 1.51615244 1.50114837]
[2.43796279 1.52549749 1.51642079 1.51772851 1.49619539 1.53426345 1.51102171 1.4948988]
[2.44687554 1.52223108 1.5094953 1.51392838 1.4901515 1.52852673 1.50533702 1.48803445]
[2.45698427 1.5197751 1.50165081 1.50989309 1.48444049 1.52226474 1.49914968 1.48070255]
[2.4670518 1.51681036 1.49376118 1.50722297 1.47966537 1.51503834 1.49327162 1.47358737]
[2.47790122 1.5125929 1.48571603 1.50381374 1.47597609 1.50800525 1.48703946 1.46776637]
[2.48872901 1.50864986 1.47794703 1.50110529 1.47269409 1.50258024 1.48118021 1.4599474]
[2.49985814 1.50472265 1.46915495 1.49824454 1.46842002 1.49519237 1.47642684 1.45376878]
[2.51140416 1.49985825 1.46096926 1.49649928 1.4632127 1.48953057 1.4708909 1.44753854]
[2.52373583 1.4954469 1.45332783 1.49427234 1.45800295 1.48576655 1.4652578 1.44357482]
[2.53657095 1.4906774 1.44643226 1.49300153 1.45248725 1.48283006 1.4604248 1.4388785]
[2.55027794 1.48745296 1.4401401 1.49155284 1.44772845 1.48218763 1.45583883 1.43519794]
[2.56359418 1.48400487 1.43480908 1.49042274 1.44322597 1.48085539 1.45282244 1.43065361]
[2.57742752 1.48021165 1.42925191 1.48975906 1.43852665 1.48036388 1.4501092 1.42563867]
[2.59095921 1.47743296 1.42322573 1.4885918 1.43322839 1.47719455 1.44710584 1.42181073]
[2.60511977 1.47544634 1.41789354 1.48679199 1.42953593 1.47504974 1.44349227 1.41929227]
[2.61904501 1.47331677 1.41277713 1.48547417 1.42572353 1.47435569 1.44032518 1.41858302]
[2.6324308 1.47102704 1.40739333 1.484097 1.42142488 1.47427201 1.43708676 1.41868894]
[2.64562586 1.46831567 1.40091758 1.48368148 1.41617378 1.4720463 1.43448705 1.41929476]
[2.65803453 1.46529417 1.39341116 1.48280383 1.4111739 1.47095227 1.43227378 1.42011231]
[2.66975108 1.46247758 1.38624314 1.48225997 1.40617199 1.47046652 1.42963765 1.42067269]
[2.68195415 1.46134953 1.37919845 1.48193894 1.40207418 1.46822021 1.42726635 1.42077818]
[2.69510039 1.46063422 1.37230299 1.48244759 1.39826995 1.46876343 1.42658715 1.42143727]
[2.70960726 1.46067649 1.36613578 1.48310438 1.39476083 1.47039798 1.42766953 1.42249698]
[2.7227085 1.46005237 1.36053668 1.48280958 1.39214145 1.47165001 1.42735269 1.42385626]
[2.73790451 1.45831673 1.35459103 1.48313535 1.39014337 1.47108371 1.42689513 1.42478433]
[2.75250705 1.45652491 1.34898376 1.48217248 1.38780927 1.47254806 1.42633233 1.42515167]
[2.76852641 1.45396237 1.34338878 1.48196569 1.38540353 1.47458467 1.42439898 1.42536842]
[2.78343494 1.45159846 1.33697039 1.48214693 1.38312056 1.47498242 1.42209628 1.42483624]
[2.7976469 1.44991527 1.33205934 1.48220351 1.37999298 1.4760248 1.42035357 1.42594698]
[2.81025579 1.44827169 1.32705171 1.48262851 1.37808749 1.47764192 1.41946149 1.4264951]
[2.82477607 1.44681563 1.32251258 1.48352712 1.37561768 1.48119605 1.41749267 1.42635076]
[2.84132554 1.44589989 1.31771833 1.48484874 1.37192434 1.48645314 1.41609474 1.42656204]
[2.8584333 1.44428574 1.31219223 1.48605742 1.36888961 1.48964363 1.41639863 1.42771344]
[2.87692282 1.44114833 1.30693575 1.48651971 1.36582539 1.49403449 1.41491621 1.42826702]
[2.89583696 1.43793918 1.30137995 1.48675348 1.36121842 1.49657682 1.4136008 1.43039243]
[2.91267038 1.43598344 1.29629458 1.48596951 1.35819024 1.49766374 1.41087822 1.43194473]
[2.92501988 1.43451337 1.29124874 1.48540029 1.35582825 1.5000874 1.40696913 1.43412927]
[2.93499957 1.43335004 1.28646202 1.48643373 1.35439613 1.50265871 1.40391031 1.43524178]
[2.94787027 1.43094599 1.28159045 1.4875547 1.35233945 1.50555924 1.40104609 1.43587824]
[2.96163365 1.42795326 1.27637912 1.48831751 1.35056663 1.5094138 1.39846462 1.43717092]
[2.97795682 1.42480598 1.27059191 1.48878672 1.34868862 1.51099103 1.39662635 1.43874866]
