[2.356194490192345 1.5707963267948966 1.5707963267948966 1.5707963267948966 1.5707963267948966 1.5707963267948966 1.5707963267948966 1.5707963267948966]
[2.34619449 1.56079633 1.56079633 1.56079633 1.56079633 1.56079633 1.56079633 1.56079633]
[2.35002799 1.55205605 1.5511239 1.55101814 1.5518611 1.55341243 1.55695356 1.55104287]
[2.35009272 1.54295078 1.54116316 1.54479376 1.54471033 1.54757934 1.54933708 1.54326037]
[2.34431436 1.5345076 1.53121156 1.5377302 1.53767389 1.54111233 1.54070281 1.54560075]
[2.3457232 1.52562927 1.52100398 1.53153875 1.52948283 1.53389864 1.53256866 1.54341309]
[2.34631592 1.51602435 1.51059878 1.52748693 1.52222602 1.52793399 1.52696767 1.5374995]
[2.34950983 1.50871503 1.50057328 1.52197774 1.5157904 1.52310523 1.52059852 1.52931551]
[2.35215334 1.50171289 1.48997401 1.51504185 1.50986865 1.51977174 1.51507071 1.52170997]
[2.35562754 1.49565006 1.47930356 1.51260927 1.50370654 1.51664164 1.51024538 1.51446397]
[2.36136716 1.49161345 1.46899711 1.50859702 1.49913709 1.51271632 1.50402091 1.50716017]
[2.36700233 1.48799973 1.45894345 1.50477531 1.49602767 1.51083978 1.49669122 1.50182611]
[2.3729794 1.48682536 1.44895976 1.50260404 1.49330307 1.51226641 1.48993595 1.49906861]
[2.37880412 1.48474665 1.43948968 1.5019396 1.48939445 1.51179221 1.48606336 1.49760515]
[2.38444886 1.48391343 1.43223476 1.49964117 1.48729483 1.51143103 1.48236262 1.49672398]
[2.3924204 1.48381489 1.42584369 1.49624283 1.48543873 1.51156167 1.47915313 1.49411596]
[2.39895367 1.4814803 1.42085903 1.49302817 1.4814442 1.51208925 1.47782822 1.48846926]
[2.40701067 1.47886766 1.41564868 1.49094105 1.47694274 1.51325113 1.47513727 1.48693796]
[2.41596185 1.47520106 1.4100987 1.49014803 1.47315663 1.51189081 1.47284653 1.48678627]
[2.42528868 1.47418689 1.40653147 1.49192025 1.47058684 1.50905762 1.47020545 1.4877806]
[2.43502453 1.47216485 1.40072971 1.49542549 1.46679958 1.50491233 1.46689446 1.48714165]
[2.44670638 1.46990695 1.39429951 1.49748252 1.46404935 1.50149823 1.46345108 1.48619227]
[2.45786592 1.46517448 1.38921342 1.4990561 1.46073367 1.50026897 1.46039327 1.48626564]
[2.4672658 1.45961092 1.38406503 1.49943406 1.45754598 1.50038701 1.45724691 1.48624074]
[2.47789494 1.45443748 1.3785922 1.49920707 1.45435067 1.50011149 1.45544797 1.48692353]
[2.48849875 1.45147116 1.37285384 1.49920548 1.45141708 1.49851292 1.45351803 1.48800666]
[2.49979128 1.44959239 1.36880989 1.49739526 1.44806739 1.495814 1.45138461 1.48733436]
[2.51172955 1.44689652 1.36478304 1.49622873 1.44571379 1.49401375 1.44825052 1.48798172]
[2.52387393 1.44334665 1.36054249 1.49656108 1.44314766 1.49174767 1.44510865 1.48561108]
[2.53516023 1.43935618 1.35485292 1.4964667 1.43990825 1.48909867 1.44205502 1.47990707]
[2.54730604 1.43284175 1.34801954 1.49552764 1.43806632 1.48743842 1.44009192 1.47532672]
[2.56078064 1.42873652 1.34260933 1.49500127 1.43490569 1.48512419 1.43804599 1.4710369]
[2.57457909 1.42369503 1.33823785 1.49470168 1.43131233 1.48369179 1.4355366 1.46755407]
[2.5890088 1.41964815 1.33325024 1.49501971 1.42722393 1.47989283 1.43373994 1.46528997]
[2.60454694 1.41566971 1.32760223 1.49514452 1.42447688 1.47781408 1.43112429 1.46251697]
[2.62083507 1.41200227 1.32297135 1.49456611 1.42282439 1.47664819 1.42949725 1.45889222]
[2.63618673 1.40942355 1.31816008 1.4958044 1.42322762 1.47513691 1.42631714 1.45507811]
[2.65200613 1.40613066 1.31350559 1.49810158 1.4225861 1.47232441 1.42461646 1.45434271]
[2.66775398 1.4021461 1.30839412 1.50156031 1.42270672 1.47048236 1.42334757 1.45179295]
[2.68441575 1.39960986 1.30394876 1.50252286 1.42158521 1.46975235 1.4227394 1.45136471]
[2.70131162 1.39728566 1.29853092 1.50206416 1.42007994 1.4700873 1.42407649 1.45214458]
[2.71419024 1.39544832 1.29329888 1.50134504 1.41906108 1.46972691 1.42484705 1.45209381]
[2.72680649 1.39231157 1.28789513 1.5007124 1.41722286 1.47099206 1.4263714 1.45252239]
[2.74222274 1.38925397 1.28193023 1.4998098 1.41629532 1.47218158 1.42597636 1.45432798]
[2.75600809 1.38487497 1.27592172 1.50148168 1.41652248 1.47302104 1.42499867 1.45732693]
[2.77231701 1.38083564 1.26991346 1.50407814 1.41630322 1.47389582 1.42573824 1.4586018]
[2.79003451 1.37600454 1.26419643 1.50809254 1.41638512 1.47466916 1.42600663 1.4590888]
[2.80505057 1.37206762 1.25875843 1.51100297 1.41712257 1.47644488 1.42623868 1.45914158]
[2.81782214 1.37027877 1.25405771 1.51322114 1.41714151 1.47670463 1.42636386 1.46195786]
[2.83167094 1.36838835 1.24962121 1.51526342 1.41622231 1.47711678 1.42744634 1.46586458]
