[2.356194490192345 1.5707963267948966 1.5707963267948966 1.5707963267948966 1.5707963267948966 1.5707963267948966 1.5707963267948966 1.5707963267948966]
[2.36619448 1.58079633 1.58079633 1.58079633 1.58079633 1.58079633 1.58079633 1.58079633]
[2.36697207 1.58801973 1.58827647 1.5872585 1.58727046 1.58883352 1.58826612 1.58711193]
[2.36101093 1.59414724 1.59395298 1.5922889 1.59243856 1.59675393 1.59442947 1.59265724]
[2.35875425 1.59897404 1.59893278 1.5964619 1.59664052 1.60364098 1.59991099 1.59763505]
[2.35664124 1.60394327 1.6035794 1.59990394 1.60049471 1.60933902 1.60548593 1.60252409]
[2.35622464 1.60843469 1.60808187 1.60265011 1.60401595 1.61514147 1.61101664 1.60714968]
[2.35366811 1.61237871 1.61189757 1.60489299 1.60746368 1.62039902 1.61688727 1.61110033]
[2.35689933 1.61647188 1.61555314 1.60711422 1.61019439 1.62679122 1.62268684 1.61551971]
[2.36068386 1.62096689 1.6193937 1.60928981 1.61307878 1.63247929 1.62901882 1.61968888]
[2.36615359 1.62534611 1.6230476 1.61115751 1.61578333 1.63624422 1.63586701 1.62420951]
[2.37143013 1.63019387 1.62713837 1.61280365 1.61846959 1.64033187 1.64277758 1.62823607]
[2.37599151 1.63391253 1.63109566 1.61464773 1.62141683 1.6448903 1.64914177 1.63271609]
[2.38258077 1.63810675 1.63460343 1.61648534 1.62402941 1.64945349 1.65450313 1.63728166]
[2.38787602 1.642184 1.63813849 1.61834319 1.62714968 1.65446258 1.66053872 1.64167568]
[2.38965769 1.64591082 1.64267812 1.62014682 1.63035149 1.66054334 1.6666329 1.64617893]
[2.39377909 1.65016112 1.64754004 1.62235833 1.63394097 1.66728449 1.6726898 1.65066582]
[2.39815015 1.65415881 1.65234181 1.62440808 1.63723358 1.67427322 1.67886606 1.65501325]
[2.40315177 1.65861123 1.65639266 1.62653679 1.64034013 1.68172702 1.68543558 1.65876456]
[2.41142844 1.66249078 1.66079764 1.6286859 1.64338792 1.6891359 1.69225759 1.66294319]
[2.41900096 1.66665808 1.66511165 1.63121832 1.64698575 1.69635913 1.69889289 1.66856002]
[2.425585 1.67031678 1.669507 1.6339799 1.65057859 1.7040363 1.7057666 1.67384495]
[2.4329371 1.67458924 1.67406509 1.63649853 1.65390437 1.71150191 1.7140272 1.67958168]
[2.43867961 1.68029371 1.67886399 1.63908411 1.65744025 1.71937017 1.72230327 1.68671196]
[2.44673736 1.68658725 1.683673 1.64165025 1.66109802 1.72636365 1.73144878 1.6939309]
[2.45628745 1.69285744 1.68886384 1.64437215 1.66450656 1.73348887 1.74080917 1.701769]
[2.46747482 1.69917195 1.69411254 1.6470434 1.66833326 1.74137477 1.74981461 1.70961447]
[2.47862222 1.70569076 1.69986254 1.65014256 1.67227846 1.74889627 1.75875842 1.7176079]
[2.49069482 1.71295485 1.70555925 1.65351789 1.6761002 1.75766267 1.7680782 1.72514834]
[2.50344109 1.7199179 1.71139869 1.65700789 1.67995797 1.76653252 1.77707844 1.73221275]
[2.51599649 1.72712757 1.71753798 1.66051549 1.68406837 1.77591258 1.78587229 1.73988656]
[2.52813314 1.73480584 1.723772 1.66373718 1.68787828 1.7855134 1.79530613 1.74766518]
[2.54060029 1.74258148 1.73010231 1.66712391 1.69184264 1.79427079 1.8047603 1.7551392]
[2.55292746 1.75094943 1.73646294 1.67052588 1.69601115 1.80227979 1.81418838 1.76247457]
[2.56747913 1.75954259 1.74265419 1.67404427 1.69995525 1.81057092 1.82167602 1.76949119]
[2.57957536 1.76731164 1.74883948 1.67762325 1.70504613 1.8189905 1.82963734 1.77723985]
[2.59267085 1.77605166 1.75522466 1.68123108 1.71047141 1.82833746 1.83818853 1.78566043]
[2.60509229 1.78468282 1.76095791 1.68479686 1.7157927 1.83743069 1.84634266 1.79259964]
[2.61934331 1.79357141 1.7669106 1.68840187 1.7208287 1.8464091 1.85376765 1.80035704]
[2.63082322 1.80331201 1.77306752 1.69193328 1.72578019 1.85599399 1.86105108 1.80814182]
[2.64183474 1.81225942 1.77904303 1.69545323 1.7309685 1.86703326 1.86891857 1.81574443]
[2.65475936 1.8214944 1.78490898 1.69881979 1.7364138 1.87759017 1.8776088 1.82360524]
[2.66886481 1.83062719 1.79105766 1.70223644 1.74187351 1.88827176 1.88603662 1.83213747]
[2.68416511 1.83982306 1.79726684 1.70585792 1.74807469 1.89774915 1.89571288 1.84054916]
[2.6996677 1.84855162 1.803433 1.70961803 1.75437524 1.90638729 1.90590331 1.84897979]
[2.71518347 1.85736703 1.81018731 1.71321125 1.76044288 1.91549197 1.91594107 1.85745487]
[2.73245256 1.86655095 1.81694845 1.71735734 1.76704653 1.92484648 1.92649362 1.86568156]
[2.75120479 1.87578017 1.82384657 1.72190819 1.77400001 1.93383669 1.93671865 1.87380072]
[2.76931133 1.88485649 1.83051868 1.72703714 1.78151211 1.94433753 1.94735115 1.88160602]
[2.78618043 1.89315793 1.83772818 1.73251639 1.78808332 1.95521405 1.95785408 1.88989671]
