[2.356194490192345 1.5707963267948966 1.5707963267948966 1.5707963267948966 1.5707963267948966 1.5707963267948966 1.5707963267948966 1.5707963267948966]
[2.36619449 1.56079633 1.56079633 1.58079633 1.56079633 1.56079633 1.56079633 1.56079633]
[2.36966488 1.55155524 1.55100658 1.58765449 1.55403266 1.55289229 1.5513027 1.55538998]
[2.37346562 1.54246283 1.54133578 1.59065338 1.54796318 1.54499704 1.54224913 1.54734037]
[2.38081236 1.53506438 1.53173048 1.59302467 1.54208576 1.53849024 1.53462051 1.5412394]
[2.38917523 1.52872115 1.52263366 1.59463724 1.53703998 1.53212745 1.52753747 1.5358032]
[2.39576792 1.52107746 1.51372732 1.59431156 1.5326237 1.52629484 1.52009028 1.52819519]
[2.40395377 1.51525673 1.50513765 1.5937661 1.5276014 1.52129614 1.51196854 1.51960293]
[2.40953945 1.50850661 1.49754758 1.59327569 1.52223866 1.51730135 1.5044022 1.51325806]
[2.41743381 1.50118154 1.48982093 1.59403888 1.51598136 1.51202284 1.49844722 1.50807528]
[2.42495025 1.49467072 1.48149917 1.5952598 1.50903014 1.50709338 1.49202246 1.50166965]
[2.43337852 1.48784637 1.47268147 1.59404796 1.50295619 1.50178733 1.48637551 1.49551206]
[2.44149937 1.48292654 1.46383003 1.59632443 1.4968224 1.49675245 1.48040797 1.48789376]
[2.44908303 1.47679166 1.45510003 1.59683351 1.4922056 1.49136275 1.47491274 1.48116735]
[2.45891801 1.47248058 1.44600218 1.59544754 1.48730211 1.48729277 1.46941393 1.47611449]
[2.4691198 1.46961181 1.4377897 1.59434897 1.48319548 1.48393281 1.46322124 1.47119759]
[2.48080125 1.46710165 1.42986928 1.59399346 1.47864093 1.48214579 1.45659615 1.46572807]
[2.49251967 1.46311658 1.42307761 1.59389261 1.47404304 1.48157659 1.44925485 1.46120531]
[2.50437718 1.45902596 1.4157351 1.59686082 1.46948071 1.48029159 1.44267531 1.45931093]
[2.51535662 1.4542135 1.40821184 1.60063387 1.46550004 1.47807852 1.43791869 1.45884672]
[2.52797233 1.4485233 1.40057442 1.6055113 1.4606175 1.47695954 1.43255702 1.45862429]
[2.54001413 1.44310433 1.39425187 1.60906758 1.45556806 1.47461377 1.4270896 1.45976525]
[2.55112727 1.4371772 1.38801901 1.61269096 1.45124798 1.46981973 1.42202263 1.46271666]
[2.56131887 1.43333685 1.38185952 1.61626938 1.44735233 1.46616104 1.41690792 1.46513976]
[2.57092699 1.43096401 1.37583124 1.62091558 1.44324012 1.46240821 1.41256598 1.46590782]
[2.58153517 1.4269665 1.36807197 1.62707575 1.44023491 1.46014831 1.40818169 1.46635478]
[2.59223504 1.42146671 1.35917537 1.63433958 1.43743936 1.45678319 1.40366583 1.46743135]
[2.60408665 1.41502446 1.35139422 1.64367614 1.43437171 1.45416253 1.40075456 1.4666275]
[2.61620702 1.40893928 1.34430034 1.65248725 1.43167408 1.45145244 1.39811724 1.46393203]
[2.62914839 1.40446976 1.3371578 1.66006815 1.43015229 1.4488522 1.39669142 1.46220774]
[2.64087644 1.39971314 1.33076074 1.66629153 1.42819964 1.44744824 1.39518176 1.46037765]
[2.65432694 1.39520251 1.3261508 1.67393053 1.4258061 1.44774522 1.39465054 1.45903492]
[2.66601494 1.39058164 1.32168385 1.68127538 1.42408257 1.44812955 1.39410276 1.4583174]
[2.67712753 1.38585863 1.31700032 1.68658146 1.42250756 1.44836628 1.39295179 1.45917104]
[2.68793578 1.38100511 1.31380176 1.68968972 1.42017372 1.44691762 1.39221361 1.4585782]
[2.69825269 1.37760731 1.31023483 1.69301466 1.41806147 1.44464158 1.39133084 1.45796545]
[2.70991631 1.3745984 1.30619088 1.69684676 1.41651037 1.44138237 1.39143553 1.45642985]
[2.72102421 1.37300594 1.30216876 1.70100376 1.41531376 1.43966705 1.39188594 1.45444139]
[2.73150802 1.37119441 1.29715416 1.70539003 1.41473599 1.43724225 1.39183622 1.45276068]
[2.74044713 1.36857387 1.29190286 1.71124891 1.4126666 1.4341253 1.39230545 1.45104751]
[2.74894609 1.36538919 1.28710539 1.7178191 1.41106616 1.43108168 1.39403268 1.4505476]
[2.75875276 1.36176488 1.28156228 1.72431435 1.40952301 1.42994659 1.39519888 1.44870372]
[2.77180086 1.35831864 1.27523115 1.73033421 1.40845614 1.42858164 1.39662844 1.44818381]
[2.78410438 1.35489656 1.26897308 1.73304815 1.40651829 1.42714774 1.39728448 1.44863402]
[2.79853407 1.35051686 1.26258248 1.73548339 1.4051251 1.42582707 1.39788677 1.44902599]
[2.81506206 1.34634661 1.25644983 1.73569413 1.40326454 1.42350857 1.39799288 1.44887344]
[2.833493 1.34138785 1.25048684 1.73639443 1.40223407 1.4209939 1.39699637 1.44735433]
[2.85261613 1.33680829 1.24444657 1.7388273 1.40129515 1.41870695 1.39589837 1.44703292]
[2.86829543 1.33314388 1.23779776 1.74264804 1.4005381 1.41579487 1.39445098 1.44638618]
[2.88442902 1.32974125 1.23126676 1.74678971 1.39948391 1.41316898 1.39282469 1.44755678]
