[2.356194490192345 1.5707963267948966 1.5707963267948966 1.5707963267948966 1.5707963267948966 1.5707963267948966 1.5707963267948966 1.5707963267948966]
[2.36619449 1.56079633 1.56079633 1.56079633 1.56079633 1.56079633 1.56079633 1.56079633]
[2.37574039 1.55173419 1.55084625 1.55442457 1.5508779 1.5527225 1.55195039 1.55229433]
[2.38562459 1.54212632 1.54077973 1.54964407 1.54133629 1.54639352 1.54289941 1.54371877]
[2.39438887 1.5332915 1.53088919 1.54551496 1.53258645 1.54184999 1.53740949 1.5349824]
[2.40318144 1.52515599 1.52154464 1.54151152 1.52364083 1.53764487 1.53246233 1.52741879]
[2.41218033 1.51676529 1.512111 1.53815083 1.51675826 1.53358725 1.5276229 1.52184794]
[2.42204867 1.50953891 1.50289546 1.53460011 1.50924542 1.5307999 1.5219304 1.51645425]
[2.43253877 1.50302636 1.49313298 1.53249393 1.50144488 1.52856924 1.51620076 1.51178146]
[2.44151598 1.49669024 1.48336775 1.53008444 1.49374349 1.52397379 1.50955449 1.50826897]
[2.45158145 1.48880345 1.47435357 1.52732857 1.48656889 1.51854881 1.5035902 1.50448024]
[2.46244614 1.48063393 1.46486711 1.52419665 1.47945499 1.51245718 1.49716006 1.50204877]
[2.47319712 1.4711137 1.45696522 1.52156168 1.47287628 1.50776166 1.49049155 1.49958775]
[2.48273778 1.46196551 1.44864933 1.51891337 1.46550824 1.50413571 1.4851119 1.49923338]
[2.49320394 1.45424679 1.44072061 1.51662507 1.45924848 1.50027031 1.47943885 1.49910586]
[2.50369066 1.44809695 1.43219788 1.51566208 1.45321141 1.50018919 1.473707 1.49854857]
[2.51488168 1.44124929 1.42467537 1.5151785 1.44603527 1.4990856 1.46801014 1.49821876]
[2.52554396 1.43557867 1.41690477 1.51319684 1.43835315 1.49923321 1.46230858 1.49799836]
[2.53708489 1.43016595 1.40918509 1.51267006 1.43140872 1.49830254 1.45612805 1.49689213]
[2.54758416 1.42565233 1.40226881 1.51359726 1.42562201 1.49681478 1.45001175 1.49417932]
[2.5577255 1.42068419 1.3956156 1.51378097 1.42133756 1.49603503 1.44395456 1.49282117]
[2.56862918 1.41596938 1.38857455 1.51396724 1.41698171 1.49469217 1.43899377 1.49110126]
[2.58109936 1.41289993 1.38295311 1.5158301 1.41298191 1.4924075 1.43324598 1.48903499]
[2.59321865 1.40982897 1.37773552 1.51710477 1.40789418 1.49210544 1.42780783 1.48739962]
[2.60636944 1.40690546 1.37340607 1.51770449 1.40208268 1.49252561 1.42391114 1.48816827]
[2.61985675 1.40328581 1.36820097 1.518926 1.39733379 1.49250359 1.42032379 1.48923485]
[2.63174364 1.40019137 1.36234509 1.52136774 1.39321411 1.49193842 1.41722436 1.49224771]
[2.64538677 1.39577672 1.3565664 1.52413481 1.38925471 1.4919312 1.41366552 1.49516472]
[2.65901285 1.39139413 1.35009 1.52627795 1.38466693 1.493445 1.40963391 1.49881698]
[2.6737392 1.38604135 1.34388394 1.52968818 1.37914896 1.49398737 1.40636633 1.50226651]
[2.68767855 1.38075635 1.33871728 1.53232466 1.37551412 1.49476798 1.40356665 1.5043441]
[2.70236892 1.37634142 1.33288099 1.53471958 1.37265788 1.49589486 1.40069129 1.50677942]
[2.71731253 1.37149816 1.32706973 1.5374548 1.36924438 1.49707003 1.39903473 1.50964978]
[2.73324616 1.36795918 1.32183645 1.53962881 1.36521072 1.49845026 1.39735117 1.51111829]
[2.74900621 1.36349462 1.31544596 1.54207083 1.36014159 1.49906213 1.39478437 1.51293421]
[2.76511903 1.35803432 1.30892353 1.54484808 1.35491633 1.49885575 1.39179875 1.51415716]
[2.78164806 1.35278348 1.30253436 1.547601 1.35108894 1.49911812 1.38850397 1.51558615]
[2.79842739 1.34675558 1.2957613 1.55020782 1.34666262 1.50039054 1.38579104 1.5162263]
[2.81568022 1.33932546 1.28949752 1.55368391 1.3426135 1.50131703 1.3820587 1.5174975]
[2.83368552 1.33172798 1.28295163 1.55716109 1.33810132 1.5023864 1.3784836 1.51909752]
[2.85086476 1.32512316 1.27667073 1.55924062 1.33429601 1.50388592 1.37522298 1.52078033]
[2.86911847 1.31872872 1.27149315 1.56063413 1.32943955 1.50619018 1.37231641 1.52273702]
[2.88556317 1.31203287 1.26591884 1.56163259 1.3242097 1.5075595 1.36936114 1.52455439]
[2.90359463 1.30548382 1.26105586 1.56344143 1.32098589 1.50980325 1.36694567 1.52763115]
[2.92231322 1.29880559 1.25678789 1.56516487 1.31860902 1.51079851 1.36501682 1.53163749]
[2.94194021 1.29201121 1.25158313 1.5673453 1.3165493 1.51279401 1.36311159 1.53521842]
[2.9620763 1.28630012 1.24620093 1.56965987 1.31327752 1.51510232 1.36154549 1.53875121]
[2.98243165 1.28101069 1.24080097 1.57180457 1.30994017 1.51778385 1.35991285 1.542267]
[3.00352997 1.27743645 1.23498855 1.57441212 1.30565884 1.52039215 1.35821645 1.5466655]
[3.0252201 1.27385892 1.22824918 1.5771176 1.30306317 1.52345599 1.35611965 1.55052573]
