[2.356194490192345 1.5707963267948966 1.5707963267948966 1.5707963267948966 1.5707963267948966 1.5707963267948966 1.5707963267948966 1.5707963267948966]
[2.34619449 1.56079633 1.56079633 1.56079633 1.56079633 1.56079633 1.56079633 1.56079633]
[2.33682577 1.55265529 1.55576929 1.5507515 1.55168987 1.55174037 1.55103456 1.55208989]
[2.3271369 1.54578131 1.54823006 1.54075749 1.54453508 1.54302679 1.5415715 1.5462782]
[2.32117589 1.5387346 1.53991208 1.5384058 1.53644353 1.53531503 1.53243525 1.54059404]
[2.32178443 1.53099648 1.53061056 1.53970336 1.52831805 1.5289623 1.52454798 1.53745034]
[2.3188793 1.5249535 1.5216046 1.5393583 1.52013387 1.52257081 1.51674101 1.53532448]
[2.32169762 1.51736663 1.51494328 1.53865378 1.51166718 1.51635295 1.5102262 1.53166384]
[2.32722448 1.51186588 1.50641768 1.53859924 1.50363594 1.51090046 1.50371715 1.529709]
[2.33217683 1.50563721 1.49675583 1.53593772 1.49456945 1.50375293 1.49812923 1.52896586]
[2.33834311 1.49925016 1.48704321 1.53091401 1.48670969 1.49647739 1.49202172 1.52867364]
[2.3445283 1.49172845 1.47844231 1.52451536 1.47908441 1.48963282 1.4871491 1.52704666]
[2.35000774 1.48277483 1.46950695 1.5194439 1.46982699 1.48246051 1.48246752 1.52704048]
[2.35661597 1.47527193 1.46044446 1.51278086 1.46077431 1.47715528 1.47823047 1.52571061]
[2.3618457 1.46672188 1.45171648 1.50752594 1.4527519 1.47315392 1.47490567 1.52463256]
[2.36715142 1.45881047 1.44273257 1.50269782 1.44656631 1.4705384 1.470315 1.52286689]
[2.3732623 1.45109477 1.43391254 1.49699578 1.44037993 1.46963144 1.46333343 1.52111977]
[2.38111918 1.44449844 1.42583095 1.49099465 1.43490345 1.4680116 1.45892573 1.51880072]
[2.38976578 1.43633548 1.41793803 1.4860972 1.43062597 1.4644745 1.45504185 1.51852557]
[2.39819876 1.42881099 1.40941968 1.48183425 1.42665821 1.46079496 1.45077911 1.51803156]
[2.40734335 1.42326303 1.40137308 1.48194858 1.42447792 1.45807928 1.44609161 1.51830623]
[2.41564259 1.41889591 1.39284882 1.48026609 1.42296833 1.45716254 1.44102393 1.51910396]
[2.42515396 1.41453468 1.38541519 1.47933248 1.42153483 1.4568475 1.43559027 1.52109821]
[2.43409429 1.40963233 1.37890732 1.4782066 1.4189583 1.45777423 1.43077418 1.52397716]
[2.44451486 1.40390357 1.37420149 1.47510302 1.4180518 1.45803429 1.42688208 1.52819677]
[2.45368006 1.39674113 1.36983453 1.47203365 1.41788181 1.45804765 1.42295697 1.53233963]
[2.46040998 1.38870295 1.36464317 1.469182 1.41708332 1.45766845 1.41785116 1.53632635]
[2.46943655 1.3793796 1.35953833 1.46814484 1.41631807 1.45639248 1.41345007 1.53943693]
[2.47895148 1.37246429 1.35347477 1.46877948 1.41610745 1.45537268 1.4095815 1.54314048]
[2.49105567 1.3656734 1.34768393 1.46983884 1.41640018 1.45416655 1.40648987 1.54563505]
[2.50216521 1.359014 1.34110525 1.47298365 1.41670361 1.45455188 1.4055014 1.54825866]
[2.5143352 1.35326696 1.33404726 1.47427002 1.4164382 1.45511585 1.40591462 1.55173998]
[2.52441476 1.34753196 1.32814977 1.47413944 1.4164994 1.45344147 1.40636554 1.5555602]
[2.53498798 1.34192275 1.32305089 1.47325854 1.41711384 1.45265357 1.40659366 1.55809767]
[2.54556523 1.33870655 1.31761699 1.4735661 1.41876393 1.45257051 1.40357209 1.56055115]
[2.55567835 1.33437424 1.31241947 1.47415132 1.42021971 1.45206831 1.40024404 1.56440567]
[2.56636787 1.33308112 1.30740533 1.47518684 1.42173256 1.45197224 1.39884194 1.5687024]
[2.57705776 1.33088154 1.30188272 1.47741565 1.42328072 1.45069824 1.39727139 1.57225521]
[2.58932136 1.32782302 1.29714466 1.47788857 1.42314358 1.45063504 1.39473064 1.57648807]
[2.60278462 1.32244859 1.29201349 1.47819949 1.42326562 1.45195237 1.39212637 1.58008176]
[2.61759444 1.31818206 1.28612363 1.47707644 1.42304726 1.45397154 1.38860354 1.58226689]
[2.6307706 1.31606005 1.28098242 1.4770721 1.42316899 1.45486761 1.38729657 1.58709574]
[2.64331889 1.31479221 1.27622601 1.47799481 1.42428516 1.45592383 1.38701333 1.59089802]
[2.65454533 1.31393013 1.27174377 1.47952115 1.42453726 1.45696036 1.38614026 1.59592297]
[2.667041 1.31094716 1.26673769 1.48380888 1.42405039 1.45833673 1.38541624 1.60130248]
[2.67862517 1.30664377 1.26036912 1.48882066 1.42423463 1.45934634 1.38477904 1.60744959]
[2.68915329 1.30199489 1.25444619 1.49264409 1.42423327 1.46167697 1.38449341 1.61386484]
[2.70123571 1.2986274 1.24930157 1.49924962 1.42466206 1.46442535 1.38299043 1.61803755]
[2.71565031 1.29506632 1.24397414 1.50660489 1.4250139 1.46764115 1.38138609 1.62094032]
[2.7302425 1.29169891 1.23812471 1.51267834 1.42560568 1.47082772 1.38006232 1.62436345]
