[2.356194490192345 1.5707963267948966 1.5707963267948966 1.5707963267948966 1.5707963267948966 1.5707963267948966 1.5707963267948966 1.5707963267948966]
[2.36619449 1.56079633 1.56079633 1.56079633 1.58079633 1.56079633 1.56079633 1.56079633]
[2.3750976 1.55159151 1.55096854 1.55309349 1.58020606 1.55125324 1.55342055 1.55549139]
[2.38425387 1.54349919 1.54332786 1.54488378 1.57543922 1.54154114 1.54684777 1.55034952]
[2.39009926 1.53665207 1.5349061 1.53611459 1.56777058 1.53161215 1.53883315 1.54603691]
[2.39745433 1.52967813 1.52650742 1.52829646 1.55950112 1.52182963 1.53148815 1.54276732]
[2.40480077 1.52211944 1.51736185 1.52136407 1.55142911 1.51346809 1.5242262 1.53846078]
[2.41232884 1.51601696 1.50764561 1.51450139 1.5448387 1.50627201 1.51841953 1.53483013]
[2.42146322 1.51038449 1.49851781 1.50877043 1.53825191 1.49833154 1.51220644 1.53256868]
[2.43081315 1.50427326 1.48933735 1.503758 1.53010361 1.49119155 1.5055766 1.53035015]
[2.44119396 1.49705287 1.482121 1.49933626 1.52169292 1.48534381 1.49861597 1.52838766]
[2.45159776 1.49002651 1.47511719 1.49520027 1.5133722 1.47858465 1.49197038 1.52623446]
[2.46169668 1.4830921 1.4675749 1.49012446 1.505986 1.4736722 1.48474976 1.5242277]
[2.47196959 1.47708648 1.45959133 1.4868046 1.50088429 1.46952974 1.47801142 1.52205247]
[2.48239122 1.47178644 1.45213444 1.48385222 1.49496276 1.46480376 1.4716783 1.52046288]
[2.49310673 1.46568691 1.44581455 1.48074814 1.49056083 1.46264678 1.46571294 1.51843933]
[2.50415255 1.46101039 1.44029623 1.47830414 1.4865325 1.4624506 1.46005778 1.51707423]
[2.51355481 1.45608129 1.43537981 1.4753739 1.482559 1.46232431 1.45577905 1.51564801]
[2.52243735 1.45105296 1.43248306 1.47305671 1.47894428 1.46064661 1.4509381 1.51438353]
[2.53217324 1.44603525 1.42918714 1.47012885 1.47500126 1.45987236 1.44556394 1.51461838]
[2.54301407 1.44232248 1.42660082 1.46729555 1.47086677 1.46139839 1.44182517 1.51538627]
[2.55385346 1.4377481 1.42388703 1.46348767 1.46613094 1.46244812 1.4372204 1.51621427]
[2.56525461 1.43274864 1.42002538 1.45948133 1.46202571 1.46462909 1.43429229 1.51733559]
[2.57520951 1.42651374 1.41447471 1.45650603 1.45788133 1.46656988 1.43089105 1.51977855]
[2.58648458 1.42118032 1.40908844 1.45491296 1.45433836 1.4679635 1.42837897 1.52317887]
[2.5979326 1.41653715 1.40364176 1.45304708 1.45061478 1.46980656 1.42700225 1.5268581]
[2.61137682 1.41264188 1.39863372 1.45098111 1.44729956 1.47087863 1.42615057 1.5304271]
[2.62556301 1.40990746 1.39389426 1.4502385 1.44544742 1.47156874 1.42437923 1.53381088]
[2.63952331 1.4064791 1.38952484 1.44970057 1.44526452 1.46996699 1.42377492 1.53655276]
[2.65447301 1.403695 1.38499413 1.44862067 1.4447907 1.46920913 1.42249651 1.53942455]
[2.66919661 1.39967119 1.3807379 1.44832469 1.44582295 1.46963487 1.42071711 1.54200243]
[2.68308074 1.39418807 1.37696019 1.44706552 1.44683829 1.46983279 1.41750044 1.54439099]
[2.69733844 1.38958667 1.37284899 1.44499874 1.44743193 1.47033742 1.41433162 1.54756824]
[2.71200183 1.38462819 1.36852644 1.44330007 1.44772372 1.47101261 1.41051399 1.55134408]
[2.72655589 1.38015625 1.36443283 1.44232815 1.447484 1.46999851 1.40601167 1.55407043]
[2.74158939 1.37661019 1.36054021 1.44263244 1.44626031 1.46912694 1.40125345 1.55716296]
[2.75669057 1.37391652 1.35706401 1.44124051 1.44367849 1.47017731 1.39711315 1.56063378]
[2.77176916 1.36984859 1.35269218 1.43982681 1.44070858 1.47066196 1.39221572 1.56453843]
[2.78529513 1.36708485 1.34818777 1.4404008 1.43741775 1.4716511 1.38745005 1.56870622]
[2.79788371 1.36482982 1.34457986 1.44173505 1.43474966 1.47258416 1.38291899 1.57178228]
[2.81031485 1.36262918 1.34053006 1.44448286 1.43195144 1.47481109 1.37930967 1.57524016]
[2.82499556 1.35950019 1.3366772 1.44731231 1.42881768 1.47684691 1.37551434 1.5784654]
[2.8386549 1.35631061 1.33165176 1.44982052 1.42603852 1.47812283 1.37139801 1.58186379]
[2.85335946 1.35156523 1.32645088 1.45097521 1.42264938 1.47794593 1.36719366 1.58569844]
[2.86980082 1.34657666 1.32070505 1.45082796 1.41876326 1.47821096 1.36275585 1.588913]
[2.88787723 1.34211802 1.31467683 1.45080054 1.41335079 1.47809193 1.35859041 1.5935921]
[2.90550993 1.3373575 1.30811411 1.45144452 1.4085012 1.47715195 1.35415445 1.59725641]
[2.92490374 1.332665 1.30264484 1.45161421 1.40379104 1.47650954 1.35013306 1.60108557]
[2.94452677 1.32876893 1.29824854 1.45266692 1.39893098 1.47802009 1.34668244 1.60579742]
[2.96556872 1.32423135 1.29496439 1.45344754 1.39487499 1.48083145 1.34267869 1.60932855]
