[2.356194490192345 1.5707963267948966 1.5707963267948966 1.5707963267948966 1.5707963267948966 1.5707963267948966 1.5707963267948966 1.5707963267948966]
[2.36619448 1.58079633 1.58079633 1.58079633 1.58079633 1.58079633 1.58079633 1.58079633]
[2.3762142 1.58769506 1.58769339 1.58789934 1.58781461 1.58753012 1.5881472 1.58774049]
[2.38586997 1.59313911 1.59299108 1.59294741 1.5933409 1.59295817 1.59535465 1.59294316]
[2.39584117 1.59731898 1.59758375 1.59691215 1.59804452 1.59793175 1.60126376 1.59711833]
[2.40596909 1.60068834 1.60158996 1.60037408 1.60222066 1.60226797 1.60726808 1.60085331]
[2.41305515 1.60345924 1.605224 1.60348046 1.60570462 1.6063026 1.61331254 1.60469795]
[2.4191317 1.60628856 1.60856943 1.60627041 1.60889718 1.61035713 1.61828902 1.60809697]
[2.42687016 1.60914418 1.61169257 1.60897398 1.61203981 1.61442468 1.62324598 1.61199608]
[2.4284702 1.61229805 1.6145094 1.61125356 1.61509169 1.61855946 1.62823665 1.61630288]
[2.43294027 1.61558067 1.61742516 1.61424164 1.61810062 1.62225737 1.63349535 1.62007483]
[2.43306471 1.61916977 1.62043264 1.61743362 1.62069009 1.62538022 1.63932336 1.62451987]
[2.43512748 1.62286664 1.62374364 1.62042275 1.62312459 1.62893865 1.64563991 1.62901473]
[2.43867777 1.6261353 1.62712172 1.62412999 1.62536953 1.63190249 1.65187409 1.63333849]
[2.44488484 1.62940514 1.6303956 1.62796446 1.62784323 1.634649 1.65810556 1.63809171]
[2.44799517 1.63259047 1.63371763 1.63194925 1.63045832 1.63745318 1.66439713 1.6425287]
[2.45465139 1.63606816 1.63707156 1.63637378 1.63326363 1.64077504 1.67013028 1.64645254]
[2.45941461 1.63960369 1.64064058 1.64034526 1.63634972 1.64437867 1.67559816 1.65050576]
[2.46732262 1.643093 1.64470972 1.64450335 1.63929103 1.64810725 1.68097465 1.65431753]
[2.47375487 1.64626943 1.6488591 1.64920945 1.64215097 1.65156451 1.68664123 1.65949625]
[2.48286461 1.64942254 1.65290686 1.65378689 1.64505357 1.65507646 1.69235047 1.66498401]
[2.49167554 1.65233526 1.65714766 1.65933666 1.64805593 1.65819633 1.69836769 1.67039985]
[2.50145046 1.65539657 1.6617718 1.66464054 1.65151089 1.6616586 1.70517423 1.67574621]
[2.51095615 1.65951106 1.66640412 1.66903584 1.6548569 1.66545199 1.71262107 1.68101712]
[2.51875767 1.6636189 1.67114208 1.67328316 1.65858874 1.66986191 1.72019084 1.6870885]
[2.52892213 1.66797888 1.67602073 1.6778312 1.66246236 1.67427118 1.72706347 1.6929333]
[2.53849309 1.67205716 1.68093536 1.68194985 1.66647224 1.67896219 1.73389921 1.69866156]
[2.54407035 1.67643782 1.68581053 1.68608627 1.67035903 1.68380696 1.74088917 1.70467695]
[2.55020489 1.68117589 1.69037678 1.69056845 1.67403252 1.68876981 1.74800216 1.71126081]
[2.55458335 1.68605674 1.69531756 1.69536876 1.67814088 1.69360063 1.75556537 1.71813589]
[2.56304504 1.6910724 1.69993337 1.70035903 1.68271277 1.69870651 1.7629626 1.72422972]
[2.57171187 1.69625718 1.70481173 1.70557531 1.68720196 1.70409785 1.77053619 1.73030418]
[2.58023541 1.70175155 1.7095918 1.71112878 1.69128812 1.70997893 1.77849223 1.73650042]
[2.58870375 1.70744771 1.71453963 1.7173995 1.69547 1.7165361 1.78690565 1.74254966]
[2.59795531 1.71344462 1.71964082 1.7232772 1.69990212 1.72312947 1.79481982 1.74886615]
[2.60965404 1.71970919 1.72518768 1.72940086 1.70468853 1.72934397 1.80294822 1.75498268]
[2.61857744 1.72523867 1.73105397 1.73620408 1.70962364 1.73534871 1.81183591 1.7613024]
[2.62722045 1.73077074 1.73680542 1.74278563 1.71425174 1.74098788 1.82118488 1.76764999]
[2.63608228 1.7364554 1.74275104 1.74933544 1.71881046 1.74677098 1.82991006 1.77429461]
[2.64724748 1.74242885 1.74850985 1.75597446 1.72336863 1.75248155 1.83825523 1.7815836]
[2.65790229 1.74876638 1.7547451 1.76208292 1.72801731 1.75782442 1.8468903 1.78896227]
[2.66743773 1.75496143 1.76070547 1.76823338 1.73308518 1.76436045 1.85564671 1.7957677]
[2.67985058 1.7612732 1.76717535 1.77365084 1.73787541 1.77081298 1.86465152 1.80313749]
[2.69599697 1.76841738 1.77330617 1.77924697 1.74273805 1.77724424 1.87353777 1.81083943]
[2.71146655 1.7752131 1.77965036 1.78474764 1.74785022 1.78384746 1.88275628 1.81937226]
[2.72682427 1.78131396 1.78636081 1.79012775 1.75300867 1.79039628 1.89151191 1.82827464]
[2.74365788 1.78815905 1.79361499 1.79559478 1.75788497 1.79746835 1.90056227 1.8374169]
[2.76196776 1.79502693 1.80063371 1.80191177 1.76286606 1.80509673 1.90927513 1.84619727]
[2.78021753 1.80216758 1.80789898 1.80917721 1.76719366 1.81294219 1.9184282 1.85470649]
[2.79766926 1.8082707 1.81420425 1.81508018 1.77183602 1.8218729 1.92664275 1.86363148]
