[2.356194490192345 1.5707963267948966 1.5707963267948966 1.5707963267948966 1.5707963267948966 1.5707963267948966 1.5707963267948966 1.5707963267948966]
[2.36619427 1.58079633 1.58079633 1.58079633 1.58079633 1.58079633 1.58079633 1.58079633]
[2.35856583 1.58740972 1.58781892 1.58854884 1.58854774 1.58728707 1.58755158 1.58745483]
[2.36334361 1.59258686 1.59382347 1.59504414 1.59606774 1.59262976 1.59238902 1.59284833]
[2.36373981 1.5967551 1.59921675 1.60137545 1.60204846 1.59770458 1.59656277 1.59698919]
[2.36399453 1.60048295 1.6041132 1.60740583 1.60697038 1.60423909 1.60025088 1.60075298]
[2.3665994 1.60327485 1.60869245 1.61305498 1.61178732 1.61085995 1.60391125 1.60408974]
[2.36587225 1.60632728 1.61305972 1.61795139 1.61656551 1.61738924 1.60744422 1.60755319]
[2.36630194 1.60970849 1.61693555 1.62220279 1.62152247 1.62436864 1.61167485 1.61042831]
[2.36981031 1.61349899 1.62124993 1.6267928 1.62695788 1.63062821 1.61547073 1.613746]
[2.36751636 1.61667161 1.62578338 1.630992 1.63181989 1.63638757 1.61964902 1.61687393]
[2.3661871 1.62020461 1.63057345 1.63565391 1.63686275 1.64291461 1.62404028 1.61973386]
[2.36767834 1.62346738 1.63533904 1.63914679 1.642126 1.6485953 1.62841423 1.62267231]
[2.36981616 1.62674947 1.64000715 1.6435584 1.64821502 1.65422314 1.63322857 1.62572798]
[2.37028191 1.63041232 1.64522894 1.64844012 1.65448178 1.660565 1.63837415 1.62848184]
[2.3735771 1.6342934 1.65026844 1.65287688 1.65949262 1.66772497 1.64395531 1.63049985]
[2.3769487 1.63909649 1.65578575 1.6575709 1.66493358 1.675547 1.649347 1.6324784]
[2.38253708 1.64409359 1.66105238 1.66216844 1.67068715 1.68332512 1.65449789 1.63537103]
[2.38832096 1.64855878 1.66616279 1.6682575 1.6771174 1.69153405 1.65956409 1.63820762]
[2.39323046 1.65270379 1.67154233 1.67349734 1.6840794 1.69977345 1.66489784 1.6420745]
[2.39649436 1.65786838 1.67731047 1.67825591 1.69151589 1.70769326 1.67056549 1.64602404]
[2.40063182 1.66301898 1.68293927 1.68387004 1.69819689 1.71554348 1.67562473 1.6503463]
[2.40652775 1.66959013 1.68862958 1.69020025 1.70503686 1.72368405 1.68086834 1.65475308]
[2.41343277 1.67595584 1.69453175 1.6973887 1.71174694 1.7322313 1.68658091 1.65938116]
[2.42150413 1.68229065 1.69979508 1.70508473 1.71855999 1.74106545 1.69191554 1.66441994]
[2.4277863 1.68836727 1.70533085 1.71126307 1.72542328 1.74959778 1.69814382 1.66933725]
[2.43408981 1.69441329 1.71087037 1.71745665 1.73328861 1.75831566 1.70450118 1.67382113]
[2.44108614 1.70058587 1.71709195 1.72433199 1.74086764 1.76816865 1.71067678 1.67864481]
[2.4478522 1.70783258 1.72305184 1.73193573 1.74932344 1.77840925 1.71723911 1.68386009]
[2.45514811 1.71568217 1.72982104 1.74000602 1.75705915 1.78814224 1.72367773 1.6893576]
[2.46239769 1.72415468 1.73625587 1.74875147 1.76523678 1.79851567 1.72963172 1.69508774]
[2.47324256 1.73273661 1.74218219 1.75782387 1.77360997 1.8086046 1.73565594 1.70069965]
[2.48353796 1.74077771 1.74891915 1.76587793 1.78159533 1.81757485 1.74260571 1.70623754]
[2.49539835 1.74926117 1.75684381 1.77475291 1.78959048 1.82683432 1.74929461 1.71129089]
[2.50939552 1.7574668 1.76509434 1.7831349 1.79789988 1.83582683 1.75587908 1.71612157]
[2.52288708 1.76582375 1.77371144 1.79185503 1.80568065 1.84572727 1.76295982 1.72143277]
[2.53659035 1.77303743 1.78233671 1.79944249 1.81360927 1.85579551 1.76896597 1.72699448]
[2.54940256 1.77914684 1.79043542 1.80774397 1.82176571 1.86605231 1.77606579 1.73310171]
[2.56478496 1.7853041 1.79798244 1.8159171 1.82996261 1.87543403 1.78356067 1.73919169]
[2.57876454 1.79177879 1.80639797 1.82267626 1.83787975 1.88526 1.79110505 1.7449177]
[2.59468313 1.79703098 1.81444417 1.8310437 1.84637029 1.89421021 1.7979516 1.75095626]
[2.61078314 1.80352506 1.82268195 1.84012123 1.8544014 1.90426753 1.80573192 1.75747093]
[2.62242031 1.81022205 1.83100993 1.84890309 1.86217523 1.91466047 1.81382948 1.76374381]
[2.63279582 1.8174946 1.83944857 1.85824054 1.86959233 1.92479955 1.82139951 1.77035064]
[2.64635457 1.82467825 1.84785858 1.86709095 1.87679388 1.93425647 1.8290913 1.77709766]
[2.66122172 1.83168579 1.85639478 1.87688127 1.88348589 1.94423772 1.83689618 1.78363073]
[2.67850439 1.83909621 1.86532901 1.88633648 1.89094135 1.95499977 1.84380446 1.79048037]
[2.69313701 1.84697802 1.87351354 1.89538814 1.89934157 1.96479762 1.85102591 1.79731737]
[2.70368047 1.85536068 1.88114013 1.90377272 1.90818822 1.97285871 1.85784197 1.80403883]
[2.71370798 1.86365098 1.89026424 1.91296685 1.9177892 1.97951086 1.86504379 1.81096093]
