[2.356194490192345 1.5707963267948966 1.5707963267948966 1.5707963267948966 1.5707963267948966 1.5707963267948966 1.5707963267948966 1.5707963267948966]
[2.36619448 1.56079633 1.56079633 1.56079633 1.56079633 1.56079633 1.56079633 1.56079633]
[2.35859734 1.55384017 1.5521895 1.55147994 1.55161531 1.55180329 1.55192149 1.55243679]
[2.35640213 1.54642367 1.54415583 1.54411096 1.54348836 1.54383852 1.54491031 1.54613582]
[2.35591543 1.53966894 1.53580657 1.53781607 1.53474009 1.54068257 1.53705172 1.53931853]
[2.35812 1.53209921 1.52707253 1.53313859 1.52678008 1.53371796 1.52870652 1.53142088]
[2.36459636 1.52545852 1.51837776 1.52637026 1.51992232 1.52708168 1.52073955 1.52332288]
[2.37180194 1.51881662 1.51041745 1.51980628 1.51314599 1.52336457 1.51284439 1.51474878]
[2.38060005 1.5129458 1.5018121 1.51442112 1.50726841 1.51760652 1.50624615 1.50835717]
[2.38944557 1.5075406 1.49388909 1.50958154 1.50218135 1.51347393 1.49969735 1.50465573]
[2.39467805 1.5028205 1.48622271 1.50333126 1.49852952 1.50943226 1.49300384 1.49918098]
[2.40156787 1.49869882 1.4792008 1.49792009 1.49431587 1.50410995 1.48597928 1.49535287]
[2.41030593 1.49461698 1.47249517 1.49339798 1.48995385 1.50014883 1.47927641 1.49362726]
[2.42057207 1.49098455 1.46583505 1.48942915 1.48442281 1.49471466 1.47317446 1.49179839]
[2.43164399 1.48672929 1.45853112 1.48542893 1.47879476 1.48841434 1.46632245 1.49028462]
[2.44334487 1.48299428 1.45116676 1.480918 1.47264967 1.48031868 1.45974444 1.49021349]
[2.45595007 1.47846741 1.44312487 1.47702139 1.4674476 1.47403042 1.45324706 1.49006068]
[2.46872605 1.47381472 1.4354992 1.47311009 1.46299844 1.4685591 1.44703354 1.48905166]
[2.480421 1.46913398 1.42882094 1.47064229 1.45808727 1.46642814 1.44244833 1.4882631]
[2.49148333 1.46457931 1.42290794 1.4676786 1.45226601 1.46327373 1.43976734 1.48776566]
[2.50082209 1.46102795 1.41746713 1.46531958 1.44909132 1.45926108 1.43699796 1.48828251]
[2.51089989 1.45894892 1.41183615 1.46282769 1.44486605 1.45447967 1.43415489 1.48836723]
[2.52153447 1.45754978 1.40725441 1.46335821 1.44025964 1.44988638 1.4298423 1.48951459]
[2.53253082 1.45659479 1.40312013 1.46392332 1.43695373 1.44482666 1.42541718 1.49140723]
[2.54456991 1.45565539 1.39746089 1.4651242 1.43269173 1.44166182 1.42130277 1.49366217]
[2.55637919 1.45502278 1.39166774 1.46634573 1.427817 1.43855777 1.41802691 1.49535907]
[2.56751619 1.45423476 1.38641028 1.4678374 1.42510289 1.43476771 1.41342268 1.49799822]
[2.58050479 1.45323515 1.38073126 1.46786736 1.42290717 1.43025767 1.40987317 1.50068681]
[2.59392717 1.45105241 1.37549946 1.4681289 1.42043176 1.4265869 1.40700912 1.50340425]
[2.60847984 1.44949737 1.37153831 1.46931243 1.41860187 1.42557075 1.40235254 1.50794934]
[2.62174983 1.44789127 1.36782516 1.47025227 1.41785003 1.42597909 1.39894721 1.51357193]
[2.63501627 1.44732285 1.36288442 1.4725139 1.41602286 1.42715665 1.39547806 1.51932686]
[2.64903972 1.44483841 1.35857334 1.47431624 1.41480501 1.42907295 1.39332233 1.52525937]
[2.66302777 1.44174058 1.35425478 1.47622097 1.41287162 1.43019257 1.39131889 1.53020654]
[2.67798129 1.43889702 1.35041699 1.47893155 1.41115131 1.42905569 1.38878045 1.53526728]
[2.69130789 1.43756682 1.34641241 1.48134367 1.40882963 1.43037905 1.3850135 1.54098074]
[2.70608696 1.43686495 1.34374522 1.48507868 1.40691355 1.43027032 1.38270005 1.54541174]
[2.71967364 1.43469634 1.33923 1.48834755 1.4032369 1.43062194 1.3805612 1.5498619]
[2.73419909 1.43196681 1.33507368 1.49132763 1.39979299 1.43084318 1.37700865 1.55310156]
[2.74722918 1.42861792 1.33023111 1.49520133 1.39651678 1.42957322 1.37400945 1.55674495]
[2.76211743 1.42650758 1.32547299 1.49840896 1.39368409 1.42916577 1.37194441 1.56132666]
[2.77680925 1.42358413 1.32037981 1.49883307 1.3915041 1.42834116 1.36863354 1.56461132]
[2.7921895 1.42024906 1.31526277 1.50020837 1.389961 1.42769878 1.36521773 1.56869604]
[2.80726061 1.41664945 1.31034755 1.50341899 1.38744748 1.4266793 1.36118652 1.57346694]
[2.81967086 1.41409783 1.30532961 1.50601972 1.38540247 1.42540057 1.35754361 1.5780673]
[2.83435946 1.41123181 1.3009184 1.51002569 1.3828566 1.42479489 1.35512233 1.58394166]
[2.84885835 1.40953257 1.29703222 1.51155424 1.37933028 1.42439753 1.3526282 1.58972539]
[2.86316339 1.40733866 1.29268967 1.5127094 1.37656006 1.42306871 1.34882202 1.5945083]
[2.87947529 1.40453661 1.28879937 1.51524377 1.37437792 1.42178393 1.34509331 1.60059416]
[2.89610891 1.401704 1.28503425 1.51907849 1.37321467 1.42010507 1.34165014 1.60654229]
