[2.356194490192345 1.5707963267948966 1.5707963267948966 1.5707963267948966 1.5707963267948966 1.5707963267948966 1.5707963267948966 1.5707963267948966]
[2.36619449 1.56079633 1.56079633 1.56079633 1.58079633 1.56079633 1.56079633 1.56079633]
[2.37475709 1.55159075 1.55098838 1.55263768 1.57386236 1.55099041 1.5511637 1.5528178]
[2.38012658 1.54229449 1.54097616 1.54669277 1.56937159 1.54242054 1.5439384 1.54493694]
[2.38453854 1.53387672 1.53403472 1.53976557 1.56474251 1.53372407 1.5371038 1.53806472]
[2.38726013 1.52557696 1.52634187 1.53151967 1.55876041 1.52686496 1.53095641 1.5332831]
[2.39210009 1.51794439 1.51833888 1.52564511 1.5521563 1.51949167 1.52663577 1.52682776]
[2.39415503 1.50900652 1.51174453 1.51972683 1.54625042 1.51240401 1.5214819 1.52183444]
[2.39866184 1.4997093 1.50482774 1.51337732 1.5406756 1.50515961 1.51485445 1.51717034]
[2.40337201 1.49307077 1.49637381 1.50786959 1.53339297 1.49752985 1.50979789 1.51018081]
[2.40739503 1.48828472 1.48799112 1.50606381 1.52701774 1.49099362 1.50509076 1.50244118]
[2.41456432 1.48354862 1.47982829 1.50505255 1.51931382 1.48608623 1.50035596 1.49834507]
[2.42380643 1.47728662 1.47288249 1.50289357 1.51160001 1.48311553 1.49622198 1.49574651]
[2.4343785 1.46944468 1.46533152 1.49974888 1.50339715 1.47985669 1.49182945 1.48941243]
[2.44486364 1.46280178 1.45701293 1.4959897 1.4985445 1.47439237 1.48689121 1.48627993]
[2.45604501 1.45806757 1.45028808 1.49345093 1.49685222 1.46913325 1.48163646 1.48206278]
[2.46537092 1.45398278 1.44416583 1.48988045 1.49440748 1.4625179 1.47942148 1.48177563]
[2.47358806 1.45013255 1.43861755 1.48764783 1.49399502 1.45502675 1.47739105 1.48085206]
[2.48009471 1.44528601 1.43344367 1.48534548 1.49538644 1.44716606 1.47605472 1.4780693]
[2.48595676 1.43885948 1.42729226 1.48301989 1.49647793 1.44112728 1.47463507 1.47537885]
[2.49406946 1.43341639 1.42029851 1.48075216 1.49584274 1.43636195 1.47312862 1.47236186]
[2.50113894 1.4267983 1.41374253 1.47855226 1.49676903 1.43380382 1.47236695 1.46913679]
[2.50870365 1.41843065 1.40650397 1.47736139 1.49848826 1.43116509 1.47133298 1.46628127]
[2.51541572 1.41053474 1.40142624 1.47593046 1.49971873 1.42881255 1.46977795 1.46523591]
[2.52207804 1.40283754 1.39547305 1.47428112 1.50164423 1.42844 1.46645074 1.46491156]
[2.52603365 1.3932065 1.38979128 1.47216176 1.50578755 1.42929397 1.46224871 1.4650061]
[2.52950453 1.38467584 1.38490024 1.47127975 1.50795028 1.43003495 1.45898197 1.46556012]
[2.53703771 1.37649309 1.37935267 1.4719288 1.50851952 1.43242103 1.45495878 1.4680009]
[2.54437947 1.36953508 1.37344007 1.4728784 1.50847729 1.43259969 1.4514368 1.47162712]
[2.55339685 1.36350065 1.36749697 1.47449213 1.50972938 1.43202372 1.44902844 1.47447529]
[2.56323666 1.35679833 1.36270131 1.4771353 1.50944231 1.43174824 1.44727528 1.47807396]
[2.57284846 1.35239871 1.36014904 1.47894003 1.50937157 1.43115045 1.44602332 1.48285319]
[2.58221039 1.34938403 1.35648053 1.48194489 1.50764061 1.43024156 1.44449225 1.48560218]
[2.59185956 1.34423264 1.35214727 1.48528861 1.5060758 1.4301437 1.44262655 1.48803677]
[2.60147288 1.34015416 1.34804683 1.48934237 1.50302078 1.4301204 1.43981964 1.49342674]
[2.61089801 1.33402205 1.34383094 1.4936025 1.5002095 1.42818832 1.43708481 1.49810322]
[2.6189472 1.32900787 1.34000212 1.49866989 1.49732402 1.42494809 1.43557958 1.50336445]
[2.62373935 1.32295685 1.33546875 1.50369993 1.49534209 1.42433119 1.43464076 1.50859109]
[2.63172325 1.31683812 1.3326144 1.50869463 1.49181295 1.4250229 1.43421024 1.51135836]
[2.64237401 1.31123107 1.33144946 1.51330027 1.49079766 1.42589826 1.43412944 1.51260619]
[2.65336114 1.30795874 1.33036373 1.51772483 1.49224904 1.42763805 1.43365114 1.51378121]
[2.66463367 1.30597273 1.32877937 1.52143489 1.49294719 1.42831312 1.43384764 1.5157437]
[2.67507453 1.30315779 1.32829032 1.52435776 1.49248336 1.43025457 1.43253449 1.51535427]
[2.68560164 1.29791235 1.32724587 1.52719753 1.49196496 1.43125179 1.432934 1.51618105]
[2.69539825 1.29345229 1.32432918 1.52843461 1.4910867 1.43436209 1.43325484 1.51685445]
[2.70633181 1.2888095 1.32103557 1.5305407 1.49129724 1.438514 1.43254056 1.51752207]
[2.71797087 1.2852514 1.31731218 1.53372539 1.49298682 1.44293673 1.43228703 1.51832442]
[2.73010359 1.27993214 1.3146481 1.53668699 1.49595765 1.44617767 1.43214126 1.52202908]
[2.74329955 1.27482846 1.31013408 1.53962437 1.49787151 1.4466012 1.43280401 1.52299695]
[2.75127528 1.26878279 1.30482054 1.54215508 1.49710992 1.44592469 1.43312657 1.52200736]
