[2.356194490192345 1.5707963267948966 1.5707963267948966 1.5707963267948966 1.5707963267948966 1.5707963267948966 1.5707963267948966 1.5707963267948966]
[2.36619449 1.56079633 1.56079633 1.56079633 1.56079633 1.56079633 1.56079633 1.56079633]
[2.37288446 1.55114292 1.55105714 1.55156718 1.55103924 1.55533115 1.5536965 1.55332122]
[2.38144383 1.54119358 1.5411265 1.5462763 1.54182449 1.54948357 1.54744621 1.54702511]
[2.39084159 1.53252576 1.53225411 1.53991462 1.53379421 1.54632463 1.54204404 1.54083242]
[2.39847173 1.52323631 1.52298948 1.5330629 1.52635425 1.54040856 1.53649138 1.53684346]
[2.40707044 1.5145944 1.51372461 1.52833749 1.51825585 1.53368512 1.53107016 1.5331643]
[2.41599015 1.50738549 1.50475749 1.52464517 1.51013017 1.52738402 1.52503533 1.5296039]
[2.42559153 1.49899515 1.49639959 1.52083864 1.50192663 1.52115943 1.51863496 1.5261268]
[2.43393071 1.49223474 1.48726553 1.51798229 1.49322012 1.51511976 1.51313627 1.52379444]
[2.44146944 1.48559231 1.47751837 1.51555303 1.48374444 1.51044402 1.50830662 1.52308971]
[2.44981687 1.47880042 1.46801697 1.51354671 1.47344432 1.50506583 1.50312187 1.52082135]
[2.45964276 1.4717692 1.4601183 1.51087756 1.46388601 1.49808359 1.49794763 1.51987646]
[2.46969189 1.46437772 1.45229861 1.50643054 1.45592417 1.48983769 1.49368091 1.5202027]
[2.47976065 1.45647 1.44368027 1.50342259 1.44844742 1.48133536 1.48947764 1.5195893]
[2.48963583 1.44968375 1.43580744 1.50095497 1.44108094 1.47428115 1.48459196 1.51843943]
[2.50056106 1.44338574 1.42739372 1.49808769 1.43284617 1.46818149 1.48106923 1.51728174]
[2.51112888 1.43941207 1.41975889 1.49431384 1.42472805 1.46320557 1.47782183 1.51694783]
[2.52029336 1.43625267 1.41239744 1.49121439 1.41662937 1.45924599 1.47419472 1.51823699]
[2.53090105 1.43246848 1.40503768 1.4888047 1.40878992 1.45464943 1.47168091 1.51837163]
[2.54231214 1.4299487 1.3990826 1.48615621 1.40284559 1.44973603 1.46947938 1.51870789]
[2.55224365 1.42635865 1.39223402 1.4870433 1.39639391 1.44656415 1.46734993 1.51945172]
[2.5635479 1.4239904 1.38646567 1.48570014 1.39141362 1.4458721 1.46516611 1.52013233]
[2.57607566 1.42187935 1.38019086 1.48328566 1.38686393 1.44439725 1.46300358 1.52039261]
[2.58930002 1.41950389 1.37371944 1.48008451 1.38306299 1.44425534 1.46084908 1.52108431]
[2.60256909 1.41639336 1.36701419 1.47995966 1.37968729 1.44591903 1.45900233 1.52243301]
[2.61470627 1.41368855 1.36098016 1.47827764 1.37548043 1.44826501 1.45886509 1.52501943]
[2.6262397 1.41187384 1.35538066 1.47758105 1.36979904 1.45172463 1.45931846 1.5261034]
[2.63815981 1.40904271 1.34898986 1.47598403 1.36629538 1.45252555 1.45876738 1.52751944]
[2.64953462 1.40611581 1.34215048 1.47450703 1.36266258 1.4533474 1.45785561 1.52935996]
[2.6596284 1.40506416 1.33494447 1.4744358 1.35779458 1.45494744 1.45708641 1.53149605]
[2.66957016 1.40293115 1.32702188 1.47505169 1.35200387 1.456633 1.45677187 1.53357147]
[2.68053565 1.40128255 1.31841629 1.47703244 1.34632405 1.45640826 1.45656307 1.53457209]
[2.69169581 1.39806537 1.30925605 1.48068043 1.34222303 1.45691241 1.4564443 1.5353018]
[2.70368243 1.39619957 1.30017076 1.48590211 1.33832275 1.45766681 1.45572651 1.53728973]
[2.71749872 1.39461757 1.29206189 1.48988753 1.33441352 1.45806352 1.45436304 1.54038315]
[2.73302621 1.39291752 1.28398661 1.4932893 1.33076494 1.45961659 1.45188757 1.54342322]
[2.74889843 1.38950809 1.27665447 1.4959065 1.32746811 1.46151539 1.45080543 1.5453826]
[2.76393278 1.38594016 1.27012386 1.49755476 1.32368965 1.46577733 1.44973611 1.54838415]
[2.77896684 1.38177208 1.26432078 1.49920193 1.31834204 1.47002899 1.44815322 1.55153764]
[2.7937398 1.37850223 1.2582063 1.50314295 1.31328709 1.4739354 1.44691399 1.55539807]
[2.80953275 1.37577092 1.25228923 1.50691103 1.30772421 1.47700115 1.44482183 1.55863696]
[2.82550827 1.37308975 1.24568934 1.51110177 1.30191843 1.48023637 1.44301829 1.56121219]
[2.84051441 1.37155481 1.23975689 1.51494487 1.29651896 1.48297058 1.44174738 1.56411848]
[2.8561441 1.37026377 1.23412078 1.5192987 1.29082184 1.48676936 1.44016537 1.56638251]
[2.87342942 1.36788196 1.22866049 1.52366768 1.28364408 1.48939753 1.43907715 1.56856119]
[2.89204155 1.36571163 1.22395577 1.52745326 1.27786034 1.49248154 1.43878034 1.57205074]
[2.91220075 1.36246045 1.21943568 1.53178688 1.27226066 1.49536791 1.43856636 1.57414668]
[2.93112749 1.35956435 1.2141994 1.53387032 1.26751299 1.49813576 1.43695367 1.57711]
[2.95171119 1.35537901 1.20820842 1.53690657 1.26407688 1.49868381 1.4343618 1.58043402]
