[2.356194490192345 1.5707963267948966 1.5707963267948966 1.5707963267948966 1.5707963267948966 1.5707963267948966 1.5707963267948966 1.5707963267948966]
[2.36619449 1.56079633 1.56079633 1.56079633 1.56079633 1.56079633 1.56079633 1.56079633]
[2.37616939 1.55103263 1.55159749 1.55267943 1.55193614 1.55112509 1.55390653 1.55073535]
[2.38429928 1.54139285 1.54281313 1.54608349 1.54495658 1.54353991 1.5473627 1.54093239]
[2.3932316 1.53330276 1.53415269 1.53995011 1.53783133 1.5349475 1.5421062 1.53400017]
[2.40283818 1.52621264 1.52576775 1.53406376 1.52975798 1.52661562 1.53678517 1.52559282]
[2.41270382 1.51888104 1.51783648 1.52797831 1.52148234 1.51838002 1.5317677 1.51725024]
[2.42112836 1.51043951 1.5118285 1.52363639 1.51364093 1.51125737 1.52758757 1.51013838]
[2.43039723 1.50175505 1.5067831 1.52012391 1.50541653 1.50347323 1.52347954 1.50408799]
[2.43863659 1.49227092 1.50091405 1.51671569 1.49876259 1.49605704 1.51847723 1.49800951]
[2.44661401 1.48246049 1.49531294 1.51198203 1.49247504 1.49010149 1.51306771 1.49312156]
[2.45348102 1.47410995 1.48917911 1.50662129 1.48654681 1.48468473 1.50762531 1.48877109]
[2.46224378 1.46577766 1.48255097 1.50265555 1.48094063 1.47954638 1.50199072 1.48379064]
[2.4692225 1.45796786 1.47592276 1.4987661 1.47500435 1.47521317 1.49657163 1.47937955]
[2.47744324 1.45138393 1.47000371 1.4950947 1.46932997 1.47135637 1.49348628 1.47826496]
[2.48735643 1.44549183 1.46493117 1.49261254 1.46316754 1.46934914 1.49074108 1.47792613]
[2.49833433 1.44013074 1.4592018 1.4929161 1.4566681 1.46866411 1.48797989 1.47909348]
[2.50852563 1.43477025 1.45477117 1.49154198 1.45136876 1.46934068 1.48566067 1.47780953]
[2.51827458 1.42881009 1.4494187 1.48840969 1.4464017 1.46812085 1.48203011 1.47739183]
[2.52947361 1.42269949 1.44357641 1.48793105 1.44120173 1.46589699 1.47958167 1.47707681]
[2.54126973 1.41709844 1.43749393 1.48772381 1.4363373 1.46443705 1.47692072 1.47470452]
[2.55425816 1.411777 1.43131658 1.4879925 1.43010298 1.4629187 1.47322441 1.47104548]
[2.56737821 1.40663112 1.42502095 1.48864644 1.42504827 1.46242469 1.47055333 1.4702819]
[2.58109107 1.40125058 1.41914879 1.48814049 1.42086298 1.46248355 1.46812447 1.47001062]
[2.59456115 1.39537688 1.41280253 1.48850308 1.41657813 1.4641737 1.46492812 1.46813733]
[2.60807764 1.38932975 1.40669658 1.48897888 1.41382322 1.46561269 1.4603475 1.46518433]
[2.62104064 1.3828772 1.40118468 1.48824873 1.41080581 1.46669125 1.45563824 1.46231981]
[2.63400847 1.37638418 1.39651216 1.48839088 1.4083022 1.46737208 1.45121022 1.45898649]
[2.64797183 1.37159313 1.39261076 1.48859894 1.40561368 1.4677851 1.44609102 1.45609169]
[2.66025645 1.36741046 1.38858988 1.48851217 1.40231624 1.46760951 1.44222356 1.45425931]
[2.67341699 1.36368982 1.38407365 1.48889989 1.39886116 1.46684819 1.44009679 1.45347881]
[2.68705412 1.36060022 1.37827733 1.48845731 1.39352342 1.46660671 1.43694619 1.45182908]
[2.70173857 1.35674796 1.37287084 1.48862723 1.38777328 1.46506451 1.43381484 1.44955049]
[2.71686087 1.35455898 1.36794092 1.48898231 1.38398311 1.46633073 1.43124601 1.44911559]
[2.73290515 1.35149898 1.36233204 1.49045375 1.3798352 1.46734662 1.42894509 1.4514778]
[2.74914111 1.34891151 1.35619488 1.49102849 1.37531026 1.46796224 1.42751135 1.45557002]
[2.76598645 1.34666119 1.34960415 1.49253266 1.37087476 1.46867764 1.42557323 1.46024117]
[2.78156015 1.34400091 1.34344055 1.49385241 1.36668807 1.46955061 1.4248121 1.46389344]
[2.79823695 1.34076781 1.33844139 1.49539159 1.3627321 1.47025434 1.42301679 1.46703171]
[2.81479675 1.33734857 1.33507609 1.49753606 1.35861794 1.47061055 1.42187776 1.47003057]
[2.83142556 1.33411209 1.33201337 1.49964862 1.35577898 1.47209463 1.4210416 1.47335856]
[2.84842306 1.33030683 1.32883078 1.50096723 1.35215858 1.47326858 1.42061025 1.47671291]
[2.86708833 1.32590485 1.32531921 1.50265635 1.34854639 1.47368699 1.41932514 1.48083512]
[2.88645836 1.32168759 1.32254117 1.50575882 1.34574662 1.47451502 1.41808498 1.4837167]
[2.90639221 1.31776219 1.31957139 1.50901525 1.34301039 1.47543625 1.41728963 1.48708293]
[2.92586706 1.31450119 1.31746309 1.51232829 1.33976733 1.47529918 1.41645773 1.48864196]
[2.94031721 1.30987048 1.3152093 1.51547729 1.3384396 1.47591705 1.41459645 1.49280747]
[2.95718514 1.30527226 1.31325764 1.51896346 1.33739185 1.47603347 1.41210883 1.49483642]
[2.97604675 1.30126243 1.31142548 1.5229157 1.33686029 1.47752367 1.40972884 1.49663917]
[2.99636152 1.29722372 1.30839156 1.5276366 1.33453081 1.47902672 1.40749953 1.49954581]
