[2.356194490192345 1.5707963267948966 1.5707963267948966 1.5707963267948966 1.5707963267948966 1.5707963267948966 1.5707963267948966 1.5707963267948966]
[2.36619448 1.58079633 1.58079633 1.58079633 1.58079633 1.58079633 1.58079633 1.58079633]
[2.37539031 1.58783117 1.58779313 1.58808381 1.58775721 1.58804247 1.58739458 1.58743956]
[2.38029039 1.59304777 1.5936675 1.59459487 1.59262944 1.59427921 1.59248178 1.59330412]
[2.38692456 1.59764945 1.59911328 1.60079897 1.59659777 1.59934746 1.59694865 1.5994848]
[2.39200054 1.60191209 1.6040726 1.60642993 1.60032282 1.60440478 1.60095555 1.60431017]
[2.39776465 1.60612903 1.60932177 1.61131746 1.60406297 1.60890489 1.6043402 1.60896266]
[2.39688292 1.60952697 1.61481576 1.61560486 1.60762911 1.6135105 1.60731339 1.61310386]
[2.39388648 1.61266131 1.62010718 1.61955659 1.61106969 1.61753773 1.61015659 1.61644266]
[2.39438587 1.61593448 1.62519074 1.62327001 1.61440938 1.62138435 1.61286894 1.61959119]
[2.39563255 1.61970266 1.63037311 1.62581711 1.61818076 1.62573607 1.61562344 1.62273256]
[2.39730064 1.62389293 1.63598626 1.62866355 1.62240101 1.62953509 1.6184143 1.62589184]
[2.40071974 1.62809354 1.64150498 1.63272467 1.62679535 1.63375806 1.62125043 1.6285453]
[2.40346396 1.63198185 1.64688885 1.63720902 1.63138171 1.63799126 1.62400119 1.6319423]
[2.40552017 1.63585749 1.65223986 1.64198681 1.63578966 1.6419597 1.62657438 1.63524663]
[2.4078277 1.64052884 1.65744224 1.64682829 1.64036928 1.646598 1.62892272 1.63895163]
[2.41033369 1.6461788 1.6626492 1.65216407 1.64503449 1.65152808 1.63169324 1.64245943]
[2.41034065 1.65118689 1.66823695 1.65806679 1.64983716 1.6574398 1.63480554 1.64708076]
[2.41132692 1.65628172 1.67388667 1.66534295 1.6550996 1.66343488 1.63784251 1.65234433]
[2.41211789 1.66130317 1.67980928 1.6736434 1.66057735 1.66902447 1.64057101 1.65720916]
[2.41589 1.66699134 1.68580073 1.68222888 1.66565204 1.67531615 1.64383979 1.66220072]
[2.42146715 1.67323252 1.69139892 1.69144642 1.67006432 1.68204443 1.64745024 1.66775485]
[2.42854932 1.67971914 1.6975599 1.69967039 1.67474137 1.68787428 1.65123664 1.67329307]
[2.43415612 1.68632905 1.70386611 1.7089358 1.67964092 1.69285959 1.65539722 1.67915674]
[2.44032892 1.69354657 1.71012529 1.7183685 1.68499218 1.69663225 1.65933567 1.68505134]
[2.44879394 1.70149057 1.71704936 1.72734054 1.69095509 1.70020863 1.66334229 1.69103695]
[2.457639 1.70919977 1.72429272 1.7355518 1.69746847 1.70531271 1.66734082 1.69805363]
[2.46702104 1.71597737 1.73135743 1.74251612 1.7039396 1.71133292 1.67129578 1.70491223]
[2.47755919 1.72235344 1.73922966 1.74968265 1.71038999 1.71777032 1.67548374 1.71121946]
[2.48477292 1.72809071 1.74747105 1.7571171 1.7153932 1.72457259 1.67993897 1.71728523]
[2.48953987 1.73413919 1.75564357 1.76517576 1.72034045 1.73209028 1.68477759 1.72385754]
[2.49787797 1.74050803 1.76399079 1.77251294 1.7255768 1.73980965 1.68985411 1.72915921]
[2.50863972 1.74733248 1.7720593 1.77891012 1.73180248 1.7470513 1.69417104 1.73617398]
[2.52008243 1.75442612 1.78068812 1.78540851 1.73822466 1.75461718 1.69852458 1.74319561]
[2.53201216 1.76022844 1.78845234 1.79298371 1.74423622 1.76267953 1.70312779 1.7502618]
[2.54453897 1.76564217 1.79644839 1.80092213 1.75090741 1.77061919 1.70802651 1.75795623]
[2.55595425 1.77196956 1.80437078 1.81008014 1.7581804 1.77830768 1.71275655 1.76571671]
[2.57038042 1.77795398 1.81222247 1.82022951 1.76524119 1.78699627 1.71746817 1.77424282]
[2.58321204 1.78371771 1.81994404 1.83064395 1.77123433 1.7967318 1.72239686 1.78311472]
[2.59631988 1.79021764 1.82782857 1.84033644 1.77695039 1.80511258 1.72792202 1.79241024]
[2.61148226 1.79639954 1.83660632 1.84996026 1.78361834 1.81480674 1.73402616 1.80210893]
[2.62563135 1.80324429 1.84518236 1.85912523 1.79038453 1.82376672 1.74019714 1.81098884]
[2.63997935 1.81039753 1.85310353 1.868257 1.79718475 1.83367911 1.7465759 1.82071083]
[2.65508232 1.81856008 1.86171678 1.87576392 1.80477773 1.84324909 1.75295101 1.8302113]
[2.67005778 1.8268477 1.86949957 1.88325642 1.81194258 1.85351348 1.75936461 1.84038653]
[2.68385104 1.83612333 1.87693377 1.89168565 1.81977922 1.86364409 1.76588981 1.85027482]
[2.69931922 1.84467845 1.88529261 1.90111757 1.82746822 1.8730892 1.77289808 1.86104215]
[2.71355303 1.85324206 1.8932935 1.91060229 1.83492319 1.88262748 1.77961142 1.87114995]
[2.72557027 1.86095146 1.90210994 1.92053782 1.84255507 1.89222076 1.78616501 1.88190381]
[2.73797937 1.87001175 1.91094582 1.93021211 1.85038492 1.90181678 1.79215917 1.89217228]
