[2.356194490192345 1.5707963267948966 1.5707963267948966 1.5707963267948966 1.5707963267948966 1.5707963267948966 1.5707963267948966 1.5707963267948966]
[2.34619449 1.56079633 1.56079633 1.56079633 1.56079633 1.56079633 1.56079633 1.56079633]
[2.3422174 1.55162414 1.55266013 1.55234619 1.55380058 1.55319196 1.55142288 1.55236599]
[2.34286531 1.5434463 1.54563684 1.54399748 1.54704005 1.54658693 1.54206267 1.54437962]
[2.34932963 1.53625058 1.5390631 1.53534638 1.54250653 1.54197572 1.53257674 1.53788433]
[2.35633184 1.53070779 1.53169712 1.52958608 1.53591281 1.53693809 1.52263266 1.53116572]
[2.36293934 1.5253195 1.52444623 1.52248177 1.52791291 1.53158679 1.5129223 1.52456581]
[2.36679525 1.5194357 1.51754454 1.51495669 1.51895387 1.52644404 1.50350187 1.51752291]
[2.37237666 1.51375188 1.51080748 1.50856236 1.50988246 1.52119999 1.49441535 1.51097246]
[2.37962021 1.50754769 1.5042011 1.50061172 1.50150525 1.51699299 1.48480109 1.50373418]
[2.38544146 1.50181725 1.49673226 1.491928 1.49376918 1.51357478 1.47683861 1.49955696]
[2.39367001 1.49632916 1.49053577 1.48372364 1.4877959 1.51204179 1.47429673 1.4949871]
[2.40276496 1.48972676 1.48498935 1.4771813 1.48142379 1.51022161 1.47238669 1.49146392]
[2.4128369 1.48457136 1.48038666 1.46929082 1.47641399 1.50853021 1.46915172 1.49145761]
[2.42285789 1.47922155 1.47565609 1.46398619 1.46958501 1.51063445 1.4675496 1.4898888]
[2.43270398 1.47396211 1.47075855 1.45872435 1.46245295 1.51137938 1.4663046 1.48740651]
[2.44088007 1.46735048 1.46450297 1.4543949 1.45600417 1.51377367 1.46600867 1.48331542]
[2.45055063 1.46183627 1.4583736 1.45437893 1.45029054 1.51642493 1.46477824 1.47865625]
[2.46183498 1.45663298 1.45245433 1.45374763 1.44356756 1.51812495 1.46324073 1.4746181]
[2.46830449 1.45141576 1.44744015 1.45175445 1.43744656 1.51813974 1.46214896 1.47071672]
[2.47533919 1.44676707 1.44210043 1.45148883 1.43143279 1.51906019 1.46019628 1.46840982]
[2.48335021 1.44123912 1.43729554 1.45159169 1.42457666 1.51955742 1.45925865 1.46695452]
[2.48968673 1.43783616 1.43196082 1.45184854 1.4180538 1.52001167 1.4575854 1.4649639]
[2.49537392 1.43455517 1.42704878 1.45161123 1.41032593 1.52256243 1.45756687 1.46602339]
[2.50342679 1.43087146 1.42256095 1.45311799 1.40387836 1.5251691 1.45840163 1.46771663]
[2.51263059 1.42909308 1.41822456 1.45477698 1.3982936 1.52814912 1.45784502 1.46893407]
[2.52104599 1.42516426 1.41333521 1.45535197 1.39428073 1.53107059 1.45769618 1.47132393]
[2.53180536 1.42246421 1.40848783 1.45470473 1.39057978 1.53429942 1.45745003 1.47387657]
[2.54444139 1.41884324 1.40403355 1.45527564 1.38639396 1.53698391 1.45610391 1.47595247]
[2.55654827 1.41344264 1.40042486 1.45512502 1.38320109 1.5417113 1.4557697 1.47800844]
[2.56838926 1.40654916 1.39641522 1.45330741 1.37838783 1.54489888 1.45560557 1.47992803]
[2.57567204 1.40157335 1.39212282 1.4522897 1.37382332 1.54777719 1.45508677 1.48287197]
[2.582498 1.395987 1.38827286 1.4520328 1.36977805 1.54931079 1.45471238 1.48552344]
[2.59143019 1.39161974 1.38462759 1.45405351 1.36549542 1.55206399 1.45438011 1.48655407]
[2.59953689 1.38654077 1.38165124 1.45570733 1.36278369 1.55468366 1.45429789 1.48824156]
[2.60686769 1.38161703 1.37964486 1.4568394 1.36053872 1.55817772 1.45411492 1.48792582]
[2.6120174 1.37697906 1.37626888 1.45713975 1.3585408 1.56064073 1.45178982 1.48643927]
[2.6153384 1.37476937 1.37249696 1.45702072 1.35683945 1.5628605 1.44961786 1.48511633]
[2.61747842 1.37164774 1.36827514 1.45812648 1.35517 1.56546414 1.44786532 1.48527187]
[2.62129587 1.36623363 1.36533498 1.45955381 1.35374402 1.56663249 1.44667824 1.48715335]
[2.62876581 1.36147549 1.361165 1.46198515 1.35213193 1.56620941 1.44471068 1.4887434]
[2.63683156 1.35661373 1.3569126 1.46622096 1.34982498 1.56864313 1.44312934 1.4895975]
[2.64378535 1.35307055 1.35314982 1.47323645 1.34528766 1.56937879 1.44378245 1.48815735]
[2.64903459 1.34787975 1.34942965 1.47846346 1.34165078 1.57004322 1.44373417 1.48742257]
[2.65763988 1.34321319 1.34491635 1.48209067 1.3384103 1.56784579 1.44371923 1.48853864]
[2.66678669 1.3398008 1.34033663 1.48530776 1.33503966 1.56720348 1.44279749 1.49022867]
[2.67632662 1.33488902 1.335919 1.48771473 1.3333457 1.5676136 1.44281111 1.49203379]
[2.68232515 1.3303675 1.33241339 1.49217762 1.33080884 1.56890813 1.44294578 1.49397515]
[2.69348231 1.32555857 1.32986536 1.49527846 1.32999845 1.56910132 1.44330853 1.49310577]
[2.70474087 1.31965249 1.32656198 1.49942651 1.32681006 1.5674409 1.44334387 1.49306398]
