[2.356194490192345 1.5707963267948966 1.5707963267948966 1.5707963267948966 1.5707963267948966 1.5707963267948966 1.5707963267948966 1.5707963267948966]
[2.36619449 1.56079633 1.56079633 1.56079633 1.56079633 1.56079633 1.56079633 1.58079632]
[2.368077 1.55084709 1.55073684 1.55192354 1.5507357 1.55518308 1.55217538 1.57982165]
[2.37084679 1.54075606 1.54063304 1.54298459 1.54221016 1.5493316 1.54335831 1.57822541]
[2.37691562 1.53057706 1.53062361 1.53503627 1.53389482 1.5433186 1.53549766 1.57519351]
[2.38369669 1.52163566 1.52045295 1.52958996 1.52656753 1.53698101 1.52691277 1.56825192]
[2.3918972 1.51394229 1.51088222 1.5253128 1.51913405 1.53429159 1.51981753 1.55960833]
[2.40128874 1.50666613 1.50110678 1.5214227 1.51120365 1.53090455 1.51345194 1.55158639]
[2.41065891 1.49929434 1.49231758 1.51694478 1.50334121 1.52814619 1.50726591 1.54470106]
[2.42057543 1.49273483 1.4851165 1.51161534 1.49624848 1.52510095 1.50318507 1.53631311]
[2.43080967 1.48482963 1.47732707 1.50632531 1.48954185 1.52251666 1.49972958 1.52663581]
[2.44061329 1.47674293 1.4693084 1.50117568 1.48127723 1.51857663 1.49615181 1.51641521]
[2.45066529 1.46800018 1.46140162 1.49767679 1.47466007 1.51445962 1.49259394 1.50706634]
[2.46058186 1.45994231 1.45418122 1.49270573 1.46817839 1.51180342 1.48951127 1.49801866]
[2.47153348 1.45227236 1.44584414 1.48734552 1.4616396 1.50810797 1.48686207 1.48873032]
[2.48242555 1.44725128 1.43882502 1.48537988 1.45659202 1.50419116 1.48240731 1.48009342]
[2.49385428 1.44234906 1.43091183 1.48360712 1.45176395 1.50153914 1.47846178 1.47458918]
[2.50478756 1.4371185 1.42324987 1.48276043 1.44786534 1.49887871 1.47429701 1.46925372]
[2.51671058 1.43240481 1.41568225 1.48115809 1.44202437 1.49516261 1.47067076 1.46805695]
[2.52720487 1.42826053 1.40811277 1.47886461 1.43512376 1.49223147 1.46746016 1.47096656]
[2.53763316 1.42428054 1.40201564 1.47595704 1.42995665 1.4897623 1.46414436 1.47294454]
[2.54973972 1.41969056 1.3949454 1.47462738 1.42426405 1.48876877 1.46115032 1.47579589]
[2.5617582 1.41499224 1.38895062 1.47423061 1.41844135 1.48733966 1.45849451 1.48075414]
[2.57485311 1.41194311 1.38314181 1.47378698 1.41259534 1.48643775 1.45587989 1.48709247]
[2.58820425 1.40708419 1.37672343 1.47453475 1.40995947 1.48787858 1.45272424 1.49122792]
[2.60125242 1.40226999 1.37044341 1.47643876 1.40599398 1.49070656 1.45015382 1.49540199]
[2.61294435 1.39736425 1.36476802 1.47734298 1.40137638 1.49156366 1.4468472 1.50016127]
[2.62435922 1.39417587 1.35886345 1.47836014 1.39713291 1.49142067 1.44325595 1.50270396]
[2.6365532 1.39132741 1.35243069 1.4810422 1.39410823 1.49079502 1.44022783 1.50153686]
[2.64955044 1.38816729 1.34638348 1.48206988 1.38947001 1.49003497 1.43849889 1.49966639]
[2.66404321 1.38606544 1.34026337 1.48261948 1.38577422 1.48864614 1.43705927 1.49737204]
[2.67860594 1.38517606 1.33457017 1.48277367 1.38129926 1.48764402 1.43437709 1.49457681]
[2.69408241 1.38289656 1.32818277 1.48257383 1.37866038 1.48688138 1.43338143 1.49366583]
[2.70972246 1.37956707 1.32203544 1.48353122 1.37524971 1.48681691 1.43176073 1.49323156]
[2.72437465 1.37730499 1.3160602 1.48437151 1.37202338 1.48639912 1.43100897 1.49412715]
[2.73975423 1.37444072 1.31012693 1.48655344 1.36945496 1.48630233 1.431089 1.49772614]
[2.75469503 1.37066455 1.30416236 1.48928421 1.36721483 1.48616352 1.43059998 1.50199809]
[2.76956476 1.36612578 1.29700296 1.49170352 1.36425656 1.48626483 1.43119822 1.50559213]
[2.78495662 1.36086005 1.28889875 1.4929951 1.36041729 1.486521 1.43153332 1.50717874]
[2.80158616 1.35591209 1.28135738 1.49478195 1.35592562 1.48605 1.43254627 1.50923681]
[2.81933651 1.35264809 1.27479756 1.49635744 1.35082058 1.48730251 1.43364807 1.51043043]
[2.83767506 1.34914462 1.26808095 1.49766737 1.34712267 1.48957424 1.43400828 1.51250969]
[2.85654893 1.34587859 1.26043244 1.49849663 1.34442301 1.49247751 1.43302788 1.5143677]
[2.87375148 1.34261389 1.25288544 1.4996958 1.34160279 1.49563213 1.43265659 1.51615415]
[2.8917334 1.33872895 1.24502509 1.50131395 1.33904504 1.49926733 1.43140543 1.51778729]
[2.90470291 1.33436812 1.23722687 1.50388667 1.33643242 1.50339411 1.43086703 1.52049614]
[2.92002631 1.33059323 1.23068181 1.5067604 1.33531109 1.50671795 1.43044721 1.52363676]
[2.93708528 1.32727907 1.2243659 1.5093602 1.33364573 1.50915539 1.43090611 1.52686288]
[2.95499888 1.32440736 1.21782849 1.51265523 1.3325642 1.51123135 1.43170358 1.53120141]
[2.9730304 1.32141324 1.21114303 1.51644181 1.33158477 1.51325993 1.43294592 1.53523347]
