[2.356194490192345 1.5707963267948966 1.5707963267948966 1.5707963267948966 1.5707963267948966 1.5707963267948966 1.5707963267948966 1.5707963267948966]
[2.34619449 1.56079633 1.56079633 1.56079633 1.56079633 1.56079633 1.58079632 1.56079633]
[2.35243115 1.55259012 1.55128483 1.55487398 1.55189631 1.55325356 1.57368007 1.55383006]
[2.35965599 1.54578132 1.54151528 1.55030369 1.54242007 1.54547735 1.5675154 1.54863889]
[2.36831655 1.53726112 1.53259625 1.54633355 1.53328375 1.53975972 1.56354584 1.54310177]
[2.37493257 1.52831186 1.52306541 1.54369159 1.52463601 1.53426641 1.55777332 1.5381718]
[2.38013772 1.51910327 1.51344272 1.53960379 1.51508667 1.52992206 1.55195101 1.53420352]
[2.38678356 1.51069296 1.50446096 1.53572442 1.50641614 1.52668996 1.54586783 1.52998865]
[2.39459021 1.50231259 1.4968101 1.5329909 1.49853784 1.52345526 1.53753607 1.52430417]
[2.4020007 1.49627483 1.48818815 1.53033149 1.49110732 1.52008856 1.53061918 1.51851421]
[2.40987688 1.49103542 1.47992718 1.52712366 1.48412452 1.51753621 1.52290353 1.51336637]
[2.41790403 1.4851461 1.47183141 1.52349849 1.47727186 1.51469957 1.51528674 1.5079957]
[2.42730406 1.47867615 1.46348494 1.51934232 1.47044945 1.5130899 1.50920043 1.50425615]
[2.43655308 1.47246901 1.45443798 1.51489681 1.46334903 1.51197065 1.50282722 1.50061391]
[2.44647637 1.46672448 1.44728875 1.51146527 1.45616097 1.51012825 1.49784148 1.49630522]
[2.45663786 1.46137462 1.44046065 1.50842603 1.44918838 1.50891226 1.49493528 1.49234952]
[2.46590825 1.45605213 1.43392816 1.50656459 1.44290866 1.50785283 1.49395351 1.48740604]
[2.47513985 1.45001665 1.42753705 1.50412342 1.43669813 1.50664837 1.49101882 1.48224814]
[2.4836594 1.4442208 1.42324073 1.50163529 1.43113975 1.50511615 1.48812456 1.47757103]
[2.49059048 1.43916918 1.41905527 1.50074996 1.42509081 1.5032811 1.48682511 1.47334152]
[2.49853483 1.43492139 1.41553694 1.49799355 1.4192327 1.50138722 1.48750418 1.47091681]
[2.50909248 1.43138369 1.41121491 1.49650694 1.41381131 1.50072401 1.48719056 1.46886487]
[2.52038196 1.42699434 1.40609593 1.49735115 1.40918054 1.50090346 1.48497622 1.4665967]
[2.53286207 1.42102617 1.40126441 1.49963181 1.40585089 1.50221259 1.48383271 1.46491772]
[2.54679467 1.41452095 1.39560782 1.50147334 1.40239741 1.50350734 1.48163613 1.464037]
[2.56178135 1.4078292 1.38842146 1.5023545 1.39916863 1.50430559 1.4780504 1.46378392]
[2.57678707 1.40098579 1.38241101 1.50352291 1.39600609 1.50487882 1.4743561 1.46332499]
[2.58923589 1.39530888 1.37674925 1.50322235 1.3946343 1.503978 1.47113956 1.46392002]
[2.60193068 1.38880903 1.3713203 1.50509167 1.39110377 1.50357947 1.46809885 1.46576739]
[2.61526556 1.38230865 1.364379 1.50683003 1.38773195 1.50329095 1.4669131 1.46936637]
[2.6278765 1.37634247 1.35699205 1.5085966 1.38207966 1.5035288 1.46503615 1.47232023]
[2.64127775 1.37072833 1.34979525 1.51118843 1.37612432 1.50315298 1.46320946 1.47637851]
[2.65472098 1.36574595 1.34201095 1.51492085 1.37039453 1.50208146 1.46146828 1.47920469]
[2.66494809 1.36008977 1.3347659 1.51947397 1.36615667 1.50192632 1.45966749 1.48198586]
[2.67696726 1.35586862 1.32726821 1.52328862 1.36259221 1.50125702 1.45665504 1.48336161]
[2.68796416 1.35243047 1.32071188 1.52545013 1.35894255 1.50081537 1.45430037 1.4861142]
[2.69957876 1.34790831 1.31439158 1.52813194 1.35543169 1.50231493 1.45320315 1.48953271]
[2.71260297 1.34283458 1.30752304 1.53015205 1.35250759 1.503528 1.45245872 1.49272055]
[2.72648992 1.33743879 1.30116576 1.53176774 1.34950849 1.50513858 1.45177031 1.49614484]
[2.74158659 1.33248639 1.29454282 1.53311108 1.34622514 1.50683312 1.44892719 1.5003272]
[2.75727438 1.32749511 1.28719975 1.53552861 1.34271608 1.50869675 1.44660119 1.50492553]
[2.77219044 1.32221546 1.28005882 1.53818332 1.33838637 1.51086112 1.44494311 1.50839642]
[2.78750507 1.3178101 1.2733887 1.53947247 1.33381299 1.5126529 1.44394029 1.51220379]
[2.80465724 1.31471867 1.2669149 1.53977592 1.32958847 1.51508999 1.44430455 1.5164386]
[2.82179475 1.3100824 1.26124464 1.54059795 1.32678642 1.51681766 1.44532001 1.51965364]
[2.83701286 1.30623684 1.25546472 1.54116634 1.32313846 1.51815709 1.4454567 1.52251916]
[2.85239835 1.30023601 1.24928281 1.54190881 1.31934264 1.52045749 1.44657236 1.52380547]
[2.86973152 1.29529707 1.24277477 1.5424586 1.31571859 1.52249042 1.44521084 1.52537342]
[2.88888742 1.29060904 1.23674176 1.5437942 1.31275609 1.52457912 1.44201429 1.5284507]
[2.90910688 1.28536119 1.22998074 1.54608942 1.30905892 1.52644331 1.43911818 1.53024193]
