[2.356194490192345 1.5707963267948966 1.5707963267948966 1.5707963267948966 1.5707963267948966 1.5707963267948966 1.5707963267948966 1.5707963267948966]
[2.36619448 1.56079633 1.56079633 1.56079633 1.56079633 1.56079633 1.56079633 1.56079633]
[2.37504127 1.55360847 1.55106843 1.55100292 1.55232319 1.55191962 1.55164555 1.55312051]
[2.38334869 1.54685473 1.54204055 1.54100919 1.54521617 1.54439209 1.5434012 1.54626853]
[2.39258832 1.54049337 1.53334136 1.53081204 1.53834519 1.5363283 1.53764455 1.53993417]
[2.40062641 1.53422228 1.52677767 1.52116507 1.53312925 1.52821494 1.53112584 1.53461454]
[2.4088486 1.52727882 1.52094393 1.51620953 1.52625854 1.52142938 1.52354924 1.52877219]
[2.41778653 1.52114613 1.51517074 1.50991379 1.51971168 1.51393618 1.51524532 1.52265141]
[2.42684293 1.51455847 1.50994036 1.50254681 1.51267889 1.50586678 1.50984341 1.51757548]
[2.43649047 1.50800455 1.50380077 1.49628563 1.50669865 1.49754487 1.50498866 1.51175084]
[2.44654639 1.50156465 1.49767822 1.49044226 1.50100385 1.48868156 1.50140276 1.50707932]
[2.45692898 1.49518444 1.4909544 1.48713907 1.4982376 1.48099451 1.49838479 1.50180048]
[2.46701765 1.48878097 1.48448505 1.48291071 1.4952743 1.47539805 1.49570136 1.49680303]
[2.47739424 1.48285597 1.47815045 1.47800709 1.49222231 1.47039618 1.49200589 1.49544087]
[2.4874876 1.47717386 1.4726994 1.47181108 1.48898626 1.46639655 1.48618314 1.49279266]
[2.49840823 1.47089666 1.46674665 1.4642163 1.48520569 1.46274211 1.48068068 1.49030216]
[2.50830099 1.46436455 1.46186192 1.45698636 1.48251129 1.45751928 1.4742154 1.48971729]
[2.51778089 1.45799835 1.45747089 1.45000934 1.47949287 1.45141942 1.46768797 1.49079093]
[2.52636533 1.45107697 1.45355725 1.44480354 1.47651939 1.44581897 1.46175722 1.48918314]
[2.53621141 1.44453552 1.45013364 1.44042765 1.47322397 1.44087055 1.45624549 1.49057246]
[2.54708599 1.43986324 1.4462342 1.43697431 1.47031638 1.43714879 1.45032973 1.4910947]
[2.55757371 1.43638685 1.44225424 1.43114874 1.46818026 1.43290374 1.4446181 1.48988428]
[2.56823375 1.43344483 1.43858816 1.42583076 1.46519791 1.42781687 1.4409387 1.48805871]
[2.57874437 1.43090785 1.43429911 1.42277746 1.46238184 1.42415402 1.43824309 1.48622232]
[2.58896985 1.42800605 1.43051945 1.42061845 1.45983312 1.42319685 1.43504219 1.4876979]
[2.60046835 1.42638106 1.42785811 1.42136067 1.45839178 1.42287886 1.43090973 1.48924781]
[2.61197058 1.42496491 1.42464856 1.42136487 1.45716761 1.42388947 1.42826163 1.49125162]
[2.6237412 1.42258154 1.42268534 1.42332118 1.45541254 1.42458182 1.42489041 1.4924103]
[2.63309034 1.41859796 1.41915071 1.42425589 1.45431634 1.42527408 1.4207464 1.49489209]
[2.64349301 1.41396514 1.41479481 1.42790845 1.45291656 1.42525857 1.41663385 1.49794292]
[2.65605168 1.40937989 1.41074429 1.43119866 1.45223742 1.42353616 1.41322055 1.50258633]
[2.67009265 1.40524685 1.40743003 1.43469302 1.45097052 1.42063275 1.40917782 1.5085094]
[2.68543878 1.40112922 1.404209 1.43800016 1.44827438 1.41929773 1.40496474 1.51284089]
[2.7008527 1.39674824 1.40155548 1.44125392 1.44660588 1.41932893 1.4003983 1.5160588]
[2.71703029 1.3943908 1.39819412 1.44225294 1.44601284 1.42128806 1.396403 1.51965032]
[2.73196971 1.39085957 1.39441802 1.44213531 1.44537495 1.42332721 1.39291828 1.52270024]
[2.74660003 1.38772288 1.3904611 1.44234293 1.44400261 1.42503835 1.39001861 1.52582969]
[2.76216996 1.38375022 1.38612242 1.44289289 1.44268048 1.42505997 1.38750829 1.52976986]
[2.7769763 1.37990069 1.3814898 1.441289 1.44026934 1.42327738 1.38513187 1.53292759]
[2.79312731 1.37626912 1.37642755 1.44117336 1.43837132 1.42212156 1.38305525 1.5374806]
[2.80886149 1.37315689 1.37077663 1.44021677 1.43710656 1.41986505 1.38147255 1.54173161]
[2.82526845 1.37097919 1.36446883 1.43923114 1.43563762 1.41863175 1.37969423 1.54666204]
[2.84320775 1.36811688 1.35816203 1.43824064 1.43426583 1.41701107 1.37777891 1.55103419]
[2.86256956 1.36459911 1.35171688 1.43850789 1.43309022 1.41754994 1.37592635 1.55576933]
[2.88021856 1.36119956 1.34556623 1.4400102 1.43149082 1.41772602 1.37408874 1.56179297]
[2.89844101 1.35725295 1.34033633 1.44085353 1.43000742 1.41706047 1.37243514 1.56747661]
[2.91783484 1.35316034 1.33649054 1.44223893 1.42844949 1.41635283 1.37024917 1.57252074]
[2.9385305 1.34870982 1.33334974 1.44222818 1.42615737 1.4145324 1.36797393 1.57788961]
[2.95894318 1.34468163 1.32845035 1.44373085 1.42298234 1.41340862 1.36497003 1.58476962]
[2.97990146 1.34067071 1.3235998 1.44634099 1.42060044 1.41309315 1.36275929 1.59051841]
