[2.356194490192345 1.5707963267948966 1.5707963267948966 1.5707963267948966 1.5707963267948966 1.5707963267948966 1.5707963267948966 1.5707963267948966]
[2.36619449 1.56079633 1.56079633 1.58079633 1.56079633 1.56079633 1.56079633 1.56079633]
[2.3761192 1.55476178 1.55273556 1.57890348 1.55074531 1.55090006 1.55096268 1.55082529]
[2.38546765 1.5465159 1.54400131 1.57282327 1.54064523 1.54175267 1.54168139 1.54083711]
[2.39429715 1.5378777 1.53716664 1.56890359 1.53101655 1.5327058 1.53301704 1.53065861]
[2.40375032 1.52847964 1.52904111 1.5626924 1.52146319 1.52646509 1.52729241 1.52031276]
[2.41379655 1.51979648 1.52065225 1.55663369 1.51288925 1.51960933 1.52153798 1.51110629]
[2.42000097 1.51103071 1.51187067 1.55100266 1.50576638 1.51417776 1.51448385 1.50287349]
[2.42754495 1.50243017 1.50382035 1.54801618 1.49986776 1.50959819 1.50704861 1.49509382]
[2.43629832 1.49430201 1.49569163 1.54506222 1.49545722 1.50428442 1.49891729 1.48795047]
[2.44414883 1.48731436 1.48701196 1.53915469 1.49017988 1.50027787 1.49053809 1.48327057]
[2.45281702 1.47881536 1.47995568 1.53284214 1.48351621 1.49455182 1.48231671 1.47838391]
[2.46280364 1.46957262 1.47316754 1.52401368 1.47823264 1.48946505 1.47420338 1.47256794]
[2.47278176 1.46108185 1.46641219 1.51376111 1.47355978 1.48379542 1.46737955 1.47010069]
[2.48368921 1.45301132 1.45928534 1.50564337 1.46820237 1.47777679 1.46070085 1.46691824]
[2.49375282 1.44507823 1.45216159 1.50001046 1.46342865 1.47317361 1.4535516 1.46577781]
[2.50477304 1.43605494 1.44508271 1.49394073 1.45913491 1.46897786 1.44497352 1.4651295]
[2.51637866 1.43123032 1.43807902 1.49147384 1.45394321 1.46569617 1.43770215 1.46518835]
[2.5282521 1.42577323 1.43207879 1.48692131 1.44979668 1.46280555 1.43270053 1.46237159]
[2.54118976 1.4193758 1.42581021 1.48465159 1.44610991 1.46086337 1.42537655 1.4599328]
[2.55503591 1.41513953 1.41941217 1.48431251 1.44307574 1.45840461 1.41682575 1.45664193]
[2.56886403 1.41198571 1.41346257 1.48773556 1.43886092 1.45752267 1.4101927 1.45460865]
[2.58157075 1.40685428 1.40790205 1.48942897 1.43475266 1.45821199 1.40385249 1.45275715]
[2.59475861 1.40327462 1.40209224 1.49310881 1.43102696 1.45835283 1.39764688 1.45204467]
[2.6076934 1.40071774 1.39684804 1.49921136 1.42680237 1.45890525 1.39206628 1.45160151]
[2.62156648 1.39882186 1.39164426 1.50521393 1.42285188 1.46063959 1.38834485 1.45220906]
[2.63582957 1.39629965 1.38738282 1.51218555 1.41976331 1.46175103 1.38484637 1.45214721]
[2.65014646 1.39194043 1.38313517 1.51771167 1.41666722 1.4638447 1.38374405 1.45137462]
[2.66506357 1.38768863 1.37990866 1.52202597 1.41354501 1.46509653 1.38394343 1.45233301]
[2.67942123 1.38546736 1.37682274 1.52674415 1.41006926 1.46739467 1.38404855 1.45346159]
[2.69435518 1.3822786 1.37320625 1.53234975 1.40552314 1.47046884 1.38600094 1.4555012]
[2.70806902 1.38048474 1.36916899 1.53738188 1.40177165 1.47372004 1.38641833 1.45808107]
[2.72142997 1.3768594 1.36477274 1.53917907 1.39751404 1.47820613 1.3866172 1.46076441]
[2.73631905 1.37224871 1.36017782 1.54057772 1.39322883 1.48292203 1.38545896 1.46401533]
[2.75152444 1.36772024 1.35594577 1.54268571 1.38778891 1.48784326 1.38340101 1.46890084]
[2.768446 1.36301649 1.35152336 1.54516978 1.38359302 1.4920008 1.38091389 1.47259563]
[2.78448497 1.35913696 1.34726906 1.54627797 1.37845964 1.49553806 1.37913224 1.47868989]
[2.79970546 1.35614096 1.34188247 1.54770228 1.37446977 1.49877451 1.37644816 1.48515499]
[2.81473293 1.35383742 1.3357251 1.5493592 1.370385 1.50087154 1.37389823 1.49026257]
[2.83049834 1.34837207 1.32995899 1.5492107 1.36640307 1.50305015 1.36956079 1.49615831]
[2.84685706 1.34175884 1.32481909 1.54716446 1.36141678 1.5062778 1.3675925 1.50139767]
[2.86273694 1.33516303 1.31927345 1.54779497 1.35798185 1.50927336 1.36487481 1.50748694]
[2.87706281 1.32890946 1.31378473 1.55181625 1.35435697 1.51300304 1.36196039 1.51037617]
[2.89232562 1.32291138 1.30827165 1.55402284 1.35042853 1.51716158 1.35928969 1.51143848]
[2.9081618 1.31677364 1.3027061 1.55591082 1.34695643 1.51952297 1.35688158 1.51223521]
[2.92481847 1.31134582 1.29765349 1.55936573 1.3447783 1.52162707 1.35541603 1.51299394]
[2.94373502 1.30801724 1.2920542 1.56424915 1.34277954 1.52246711 1.35297686 1.51400395]
[2.96294435 1.30442127 1.28574268 1.56987232 1.33979734 1.52291784 1.35072242 1.51489148]
[2.98191721 1.2994551 1.2799491 1.57558816 1.33736142 1.52509828 1.34737428 1.51602299]
[3.00166573 1.29581617 1.27481044 1.581192 1.33490339 1.52814684 1.34467747 1.51698954]
