[2.356194490192345 1.5707963267948966 1.5707963267948966 1.5707963267948966 1.5707963267948966 1.5707963267948966 1.5707963267948966 1.5707963267948966]
[2.3461945 1.58079633 1.58079633 1.58079633 1.58079633 1.58079633 1.58079633 1.58079633]
[2.34953661 1.58720683 1.58789508 1.5893925 1.58835358 1.58746905 1.58781826 1.58748054]
[2.35569221 1.59200199 1.59418293 1.59773398 1.59455728 1.59252541 1.59367572 1.59360574]
[2.36344996 1.596055 1.59960671 1.60448444 1.59985921 1.59707115 1.59871234 1.59870232]
[2.37237206 1.59970178 1.60443342 1.61234239 1.60420534 1.60115589 1.60418593 1.60342899]
[2.37330678 1.60277297 1.60884374 1.61892815 1.60835615 1.6053276 1.60933 1.60845029]
[2.37416179 1.60558793 1.61338229 1.62290023 1.61298369 1.60892504 1.61470669 1.61312369]
[2.37586876 1.60828049 1.61767657 1.62774449 1.61693783 1.61232668 1.61982667 1.61742052]
[2.38030043 1.6108021 1.62233677 1.63297088 1.62080028 1.61593413 1.62464513 1.62125198]
[2.38657209 1.613186 1.62695976 1.6385112 1.62422742 1.62006368 1.62924709 1.62498344]
[2.39323048 1.61508138 1.6315027 1.64331542 1.62833354 1.62371263 1.63497951 1.6286543]
[2.40091294 1.61708813 1.6359927 1.64922173 1.63236502 1.62738871 1.6414607 1.63228813]
[2.40742468 1.61931027 1.6409676 1.65555813 1.63708143 1.63104108 1.64775508 1.63605478]
[2.41391682 1.62145518 1.64595431 1.66204855 1.64205337 1.63460556 1.65432934 1.63994044]
[2.42240068 1.62349679 1.65116082 1.669523 1.64664667 1.63818313 1.66026953 1.6438936]
[2.42800457 1.62540155 1.65651882 1.67873639 1.65119723 1.64171855 1.66625358 1.64807625]
[2.43450942 1.6270686 1.66214717 1.68624654 1.6564018 1.64509595 1.6718504 1.65237346]
[2.43963424 1.62893482 1.66734524 1.69430523 1.66097787 1.64845237 1.67706791 1.65617149]
[2.44918483 1.63093597 1.6726412 1.70292055 1.66491899 1.65163395 1.68180628 1.66126809]
[2.45828137 1.63303217 1.67786882 1.71174781 1.66992799 1.65483785 1.68721035 1.66620475]
[2.46456745 1.63564943 1.68419783 1.72111137 1.67529477 1.65821459 1.69229347 1.67117851]
[2.47129991 1.63857384 1.69077867 1.73000708 1.68049723 1.6616621 1.69857104 1.67652116]
[2.4763615 1.64188841 1.69742915 1.73896049 1.68568052 1.66557701 1.70508382 1.68179072]
[2.48443323 1.64529039 1.70381938 1.74807518 1.69104662 1.66938599 1.71208611 1.68750167]
[2.49412169 1.64861466 1.71061844 1.75636372 1.69680693 1.67332819 1.7191251 1.693383]
[2.50583311 1.65204531 1.71688373 1.76567149 1.70273213 1.67835238 1.72628005 1.6998792]
[2.51708599 1.65535629 1.72361068 1.77586528 1.7094543 1.68346 1.73317612 1.70660907]
[2.52737808 1.65853933 1.7303992 1.78620635 1.71598829 1.68880114 1.74072018 1.71299947]
[2.53805776 1.66158963 1.73765045 1.79706533 1.72232011 1.69435212 1.74884194 1.71855195]
[2.54744828 1.66463806 1.74532875 1.80770817 1.72822085 1.70004406 1.75669051 1.72448496]
[2.55594547 1.66786583 1.75297271 1.81844626 1.73408966 1.70550239 1.76514873 1.73009479]
[2.5665465 1.67159074 1.76056427 1.82842798 1.73997593 1.71025762 1.77375476 1.73610788]
[2.57644708 1.67536652 1.76826024 1.83756882 1.7461182 1.71513511 1.78228181 1.74226471]
[2.58723318 1.6798971 1.77626811 1.84670151 1.75206984 1.71984024 1.79099338 1.74817104]
[2.59894265 1.68525346 1.78464688 1.85658728 1.75897667 1.72533019 1.8002431 1.75447061]
[2.60900179 1.69008353 1.79328697 1.86509151 1.76581707 1.73188503 1.80998786 1.76044633]
[2.62078034 1.69482655 1.80203141 1.87267417 1.7732496 1.73884307 1.81940392 1.76726875]
[2.6339231 1.69976028 1.81082634 1.88117418 1.78120449 1.74596181 1.82862878 1.77424984]
[2.6443123 1.70496622 1.81939854 1.89009069 1.78958324 1.75295093 1.83781684 1.7815166]
[2.6551209 1.70971339 1.82860372 1.89906871 1.79872457 1.75977484 1.84737302 1.78932201]
[2.66707491 1.71471897 1.83817702 1.90661311 1.8076713 1.76653222 1.8568691 1.79718675]
[2.68039508 1.71937757 1.84769402 1.9151175 1.81685628 1.77349607 1.86684532 1.80438436]
[2.69499713 1.72507058 1.85705498 1.92347183 1.82512816 1.78010355 1.87706139 1.81227422]
[2.70974013 1.73105282 1.86701079 1.93185845 1.83279164 1.78668461 1.88709377 1.82026346]
[2.72238992 1.73700757 1.87632695 1.94085033 1.84088796 1.79366472 1.89698163 1.82864256]
[2.73774008 1.74332227 1.88587 1.95090566 1.84809416 1.80066942 1.90651693 1.83779548]
[2.75330861 1.7496147 1.89526132 1.96092939 1.85539119 1.80715665 1.91603336 1.84694662]
[2.77069394 1.75537424 1.90453307 1.97226197 1.86304709 1.81367093 1.92496519 1.85596552]
[2.78927487 1.76150897 1.91254375 1.98322418 1.87128316 1.82139286 1.93474346 1.86449464]
