[2.356194490192345 1.5707963267948966 1.5707963267948966 1.5707963267948966 1.5707963267948966 1.5707963267948966 1.5707963267948966 1.5707963267948966]
[2.34619449 1.58079632 1.56079633 1.56079633 1.56079633 1.58079622 1.56079633 1.56079633]
[2.35296542 1.57923503 1.55135649 1.55097867 1.55481351 1.57296331 1.5509841 1.55199424]
[2.35739134 1.57225753 1.54151259 1.54226058 1.54729206 1.56392637 1.54194116 1.54697046]
[2.36041553 1.56621935 1.53141558 1.53453538 1.54043255 1.55503452 1.53261113 1.54198559]
[2.36503713 1.55821791 1.52136687 1.52712394 1.53359462 1.54714239 1.52373414 1.53513729]
[2.3721505 1.54925031 1.51406516 1.51979272 1.52685582 1.54352429 1.51460535 1.52759207]
[2.38054537 1.54053954 1.50769893 1.51292484 1.52079864 1.53924292 1.50502451 1.52122306]
[2.38908323 1.53118774 1.50139136 1.50740464 1.51438056 1.53419654 1.49627724 1.51487313]
[2.39682541 1.52159313 1.49409283 1.50394292 1.50941264 1.52878115 1.48795116 1.50966052]
[2.40434996 1.51187159 1.48691647 1.50088451 1.50327738 1.5231183 1.48014227 1.50369756]
[2.41161521 1.50329584 1.48080163 1.49754002 1.49713271 1.51566908 1.474875 1.49643881]
[2.41941435 1.49336261 1.47430458 1.49367823 1.49153305 1.50749688 1.47055898 1.4904802]
[2.42662462 1.48616556 1.46879117 1.49239735 1.48603278 1.49923536 1.46617144 1.48807019]
[2.43528592 1.48163223 1.46222063 1.48970937 1.48174137 1.49160178 1.46250678 1.4854516]
[2.44468339 1.47772994 1.45572058 1.48456033 1.47672526 1.48341358 1.45951939 1.48106194]
[2.45285628 1.47226696 1.44911995 1.47979762 1.47063054 1.47775601 1.45563836 1.47657967]
[2.46108351 1.46777666 1.44363797 1.47579555 1.46572689 1.47239484 1.45150976 1.47261685]
[2.4705142 1.46457979 1.43730013 1.47392666 1.46099346 1.4682682 1.44772845 1.46874872]
[2.48126676 1.46038413 1.43044617 1.4717685 1.45623069 1.4659548 1.44487638 1.46456733]
[2.49319655 1.4554423 1.42369964 1.47177066 1.45126684 1.46456455 1.44145036 1.46125111]
[2.50525462 1.45098966 1.41686435 1.47223854 1.44696798 1.46427177 1.43898055 1.45917275]
[2.51669155 1.4491989 1.40993851 1.47335185 1.44333303 1.46373676 1.43670863 1.45637181]
[2.52671397 1.44911377 1.40293247 1.47253299 1.44075241 1.46358375 1.43506574 1.45461371]
[2.53508615 1.44795859 1.39604971 1.47152342 1.43781422 1.46309913 1.43272118 1.45353839]
[2.5453991 1.44752283 1.38952063 1.47116317 1.43424057 1.46216148 1.43135529 1.45234933]
[2.55657557 1.44617796 1.3835653 1.47176617 1.43217608 1.46178417 1.42857506 1.45344315]
[2.56864292 1.44496003 1.37703227 1.47277717 1.42825591 1.45982498 1.42708177 1.45377874]
[2.58201661 1.44175259 1.36945218 1.4774921 1.4241558 1.45800124 1.42616672 1.4537321]
[2.59561239 1.43910296 1.36292371 1.48225022 1.42063721 1.45592956 1.4256713 1.45320571]
[2.60832493 1.43665469 1.35738969 1.48841049 1.41625624 1.45383951 1.42646328 1.45276516]
[2.62210167 1.43639328 1.35126949 1.49571599 1.4122134 1.45155267 1.42638142 1.45324359]
[2.63610754 1.43440291 1.34606816 1.50073906 1.40915057 1.44936139 1.42576749 1.45452108]
[2.64897443 1.43266094 1.3418266 1.50374547 1.40726372 1.44806627 1.42476056 1.45673939]
[2.66153444 1.42912168 1.33686615 1.50429929 1.40443093 1.44614793 1.42331475 1.45842584]
[2.6751633 1.42768633 1.33254988 1.50511614 1.40074947 1.44409626 1.42134493 1.46167946]
[2.68924349 1.42728225 1.32781481 1.50708417 1.39567896 1.44206717 1.41900645 1.46596251]
[2.703173 1.42742818 1.32280605 1.50768263 1.39175569 1.44018906 1.41648417 1.47111156]
[2.71779552 1.42739843 1.31831131 1.50986166 1.38826342 1.43867047 1.41408407 1.47622204]
[2.73355216 1.42783588 1.31466249 1.51151718 1.38567044 1.43710888 1.41105968 1.48172954]
[2.75006006 1.42523641 1.3101681 1.51382667 1.3820002 1.43663583 1.40837546 1.48728139]
[2.76770855 1.42248143 1.30688475 1.51577652 1.37826827 1.43890064 1.40490278 1.49288081]
[2.78542587 1.42080021 1.30461936 1.51924122 1.37574534 1.4393928 1.40253461 1.49675807]
[2.80226758 1.41936747 1.30114964 1.52373855 1.37418026 1.43972927 1.3997695 1.50182518]
[2.81953682 1.41937723 1.29693353 1.52821548 1.37383311 1.44085976 1.3983707 1.5061354]
[2.83878039 1.41935746 1.29142721 1.53246579 1.37300479 1.44192145 1.39674712 1.50975456]
[2.85646253 1.41754281 1.28658249 1.53507477 1.37197996 1.44439797 1.39604874 1.51350968]
[2.87122985 1.4151974 1.28187143 1.53827396 1.37161574 1.44606357 1.39721099 1.51660007]
[2.88342704 1.41134822 1.27608275 1.540223 1.37137841 1.4490079 1.39859318 1.51946508]
[2.89695475 1.40805049 1.27043906 1.54035375 1.37136677 1.44949789 1.397682 1.52339201]
