3.1753369272560032 1.8556371771762832 1.195322194822178 1.241949229598509 
3.3341037736188035 1.8556371771762832 1.195322194822178 1.241949229598509 
3.1753369272560032 1.9484190360350975 1.195322194822178 1.241949229598509 
3.1753369272560032 1.8556371771762832 1.2550883045632868 1.241949229598509 
3.1753369272560032 1.8556371771762832 1.195322194822178 1.3040466910784345 
3.2547203504374034 1.9020281066056905 1.135556085081069 1.272997960338472 
3.234874494642053 1.8904303742483388 1.1654391399516235 1.2652357776534813 
3.1951827830513535 1.867234909533635 1.2252052496927324 1.2497114122834998 
3.0264930087908786 1.9078269727843664 1.210263722257455 1.2768790516809672 
3.2572010824118225 1.8686846260783039 1.1990575766809972 1.2506816851191236 
3.1753369272560032 1.9020281066056903 1.195322194822178 1.241949229598509 
3.1852598551536784 1.9078269727843662 1.210263722257455 1.2458303209410044 
3.1753369272560032 1.9020281066056903 1.195322194822178 1.2729979603384718 
3.2547203504374034 1.9020281066056903 1.195322194822178 1.241949229598509 
3.21999010279554 1.9281230044097317 1.2027929585398165 1.2594141406397381 
3.208826808910656 1.9215992799587216 1.200925267610407 1.255047912879431 
3.221850651776354 1.9292102918182337 1.1831822037810156 1.2601418452664561 
3.1944075543093473 1.913172802542833 1.2034933426383452 1.2494082020223674 
3.1920818680833296 1.9350091579969095 1.1981237312162925 1.24849857123897 
3.2150286388467033 1.925223571320394 1.195322194822178 1.241949229598509 
3.1753369272560032 1.925223571320394 1.195322194822178 1.2574735949684905 
3.1802983912048406 1.928123004409732 1.2027929585398165 1.2438897752697566 
3.1809185741984454 1.9284854335458992 1.1962560402868825 1.2441323434786624 
3.1837093976696664 1.9301163646586517 1.1967229630192349 1.2452239004187393 
3.1753369272560032 1.9368213036777457 1.195322194822178 1.2497114122834998 
3.177817659230422 1.926673287865063 1.1990575766809972 1.2506816851191236 
3.1951827830513535 1.925223571320394 1.195322194822178 1.2497114122834998 
3.1837093976696664 1.9301163646586517 1.1967229630192353 1.2529860831037303 
3.1869653583860917 1.9320191176235295 1.1922871970618873 1.2542595662004865 
3.1801045840193396 1.9280097453046796 1.1973649817762198 1.2515761553894644 
3.1753369272560032 1.9310224374990699 1.195322194822178 1.2535925036259952 
3.1852598551536784 1.925223571320394 1.195322194822178 1.2535925036259952 
3.179523162462835 1.9276699679895228 1.1960225789207066 1.2552298390361103 
3.176577293243213 1.9259484295927285 1.1971898857515875 1.254077640043807 
3.168127299955349 1.9297086318804637 1.1966062323361468 1.2565942852112066 
3.1681660613924496 1.9282815671568054 1.1961976749453385 1.2556391728886394 
3.1766838871952388 1.9278228677813436 1.1960663529268647 1.2553321724992426 
3.1717321136056764 1.9303655346897668 1.1959642135791624 1.255093394418601 
3.175957110249608 1.9284854335458992 1.1962560402868827 1.2538350718349012 
3.1753369272560032 1.928123004409732 1.195322194822178 1.255533049297243 
3.177430044859419 1.9293462027442962 1.1956723868714423 1.2544111713310526 
3.1748911707293495 1.9314867998297842 1.1962852229576546 1.2529330213080319 
3.1750026098610133 1.930645850974771 1.1960444659237854 1.2535830283053346 
3.1752254881243394 1.9289639532647451 1.195562951856047 1.2548830422999402 
3.1751697685585083 1.9293844276922516 1.1956833303729817 1.2545580388012887 
3.176383486057711 1.930184320121683 1.1954972908468102 1.254001837478524 
3.17353452043084 1.9306939860944183 1.1956432042006702 1.254342949022298 
3.1756470187528056 1.9297539355224846 1.1957891175545303 1.2537137877304483 
3.1751697685585083 1.9308341442369206 1.1956833303729817 1.253587765965665 
3.1745653323987253 1.931613508453561 1.19528389256679 1.2540487403157927 
3.172919788264327 1.9318977180203016 1.1954690201344995 1.2537841419863516 
3.1739151698561137 1.9306106344717944 1.1957749821983745 1.253604939984362 
3.1744027917630726 1.9313627899581194 1.1954066649746862 1.2539377902329352 
3.1763022157398852 1.9300589608739624 1.1955586770507587 1.253946362437095 
3.1737653951332163 1.9314380287337167 1.1954914343635643 1.2538246970990374 
3.1758029209245606 1.931634714119495 1.1953086080660347 1.2531284294395184 
3.17410162055427 1.9309291681006875 1.1955595551670113 1.254039319126603 
3.1752533479072556 1.9309282908679952 1.1955027625975798 1.25359013479583 
3.17455116119461 1.9312302331163933 1.1954068145928711 1.2537086003625162 
3.174869859509538 1.9311926137285946 1.195364429898432 1.253765146929465 
3.1744357238434215 1.930858211796744 1.195482699511424 1.2539677263241464 
3.175569924090281 1.9313285758092824 1.1953154014441063 1.2533604665327567 
3.175286374028566 1.9312109848061478 1.1953572259609357 1.2535122814806041 
3.174768813087103 1.9313998437071076 1.1952225700396284 1.2536991314034602 
3.17447700649506 1.9312115792194349 1.1953007787156191 1.253870409680114 
3.1750840321451896 1.9312111334094695 1.1953431141496065 1.2536018135304816 
3.1751521769655673 1.930928365169656 1.1954957066919156 1.2536349008207686 
3.175056335995951 1.9310462348040187 1.195427422528844 1.2536509584664415 
3.1752104797005964 1.9311167854542697 1.1953326544858922 1.2535971585782384 
3.175103393382771 1.9311075256138324 1.195343312360305 1.25367882527773 
3.1749440442253065 1.9311263353077317 1.1953645047075245 1.2536505519942556 
3.175052870171553 1.9312111406030887 1.195272382430903 1.2536458175147276 
3.175008137817221 1.9311169340575913 1.195318542674563 1.2536866906281159 
3.175143381169097 1.9309754756360238 1.1954018948513823 1.2536584682483207 
3.1751128518510425 1.931013065636376 1.1953602561675192 1.2536152819706134 
3.1751104872339746 1.93103668063074 1.1953560202157156 1.2536311677973926 
3.175172532536612 1.9310696857783305 1.1953203687483704 1.2536395971270555 
3.1751404857406547 1.9310743864034008 1.1953433497648511 1.2536215278101253 
3.17524015421255 1.9309989565675467 1.19536204483678 1.253625485937158 
3.175220160319387 1.9310649815564511 1.1953327535912415 1.2536356644518625 
3.1751948987137792 1.9311167890510794 1.1952972886265403 1.253619160570361 
3.1752288403378572 1.9310284146884298 1.19534585578422 1.2536239045954587 
3.175338744484275 1.93101837335774 1.1953172367081537 1.2536243070900608 
3.1751900504265596 1.9310603831419857 1.1953368215006768 1.253622222630109 
3.17528917979837 1.931032376619155 1.195323764972328 1.253623612270077 
3.1752148327695124 1.931053381511278 1.1953335573685897 1.253622570040101 
3.1752006864372344 1.9310490502333801 1.1953331122662951 1.253631750861257 
3.17528288379693 1.9310254260937498 1.195334025303199 1.2536082041107268 
3.175224500328622 1.9310466981224406 1.1953393046877308 1.2536297845236606 
3.175209445382208 1.9310443989152077 1.1953413386424483 1.2536230636127839 
3.1752364276484926 1.9310269468429428 1.1953378613103505 1.253613677066453 
3.17522748215859 1.9310417603025662 1.1953389438433857 1.2536257576593588 
3.1751503433610146 1.931056385976042 1.1953455999649756 1.2536440342537025 
3.175249748687951 1.931033166064323 1.1953369189686431 1.2536171616464706 
3.1751834784699935 1.9310486460054688 1.1953427062995314 1.2536350767179587 
3.175210798319629 1.9310395366997148 1.1953389704542676 1.2536351813042328 
3.1752097836165634 1.9310431833613344 1.1953407465954031 1.253626093035646 
3.1752281612482234 1.931035087495498 1.1953423998138029 1.2536248311274087 
3.1752147633875456 1.9310387324609048 1.1953394840252576 1.253627827728358 
3.1752061594039254 1.9310385303469493 1.1953442810418757 1.2536294906567087 
