2.356194490192345 1.5707963267948966 1.5707963267948966 1.5707963267948966 
2.366194488109992 1.5607963269655465 1.5607963273087764 1.5607963270664376 
2.3693214299139718 1.5548996728876237 1.550764287203137 1.5508440133711274 
2.3767316476151237 1.5526125351828082 1.5408676002266344 1.5410223647317223 
2.3851112207798573 1.553211940925319 1.5325559547281091 1.5309284074799066 
2.394464140968375 1.5535130743849956 1.5232689212140404 1.5209628283675671 
2.4043292534535494 1.5557106544845016 1.5163526727617909 1.5107755733014372 
2.414657116277319 1.5599600338275275 1.5090251315230594 1.500684754683126 
2.4254460812265592 1.5637720846719163 1.5054155349854872 1.490715275564835 
2.4366144158344953 1.5683647130187854 1.5008044001360963 1.4808362836482196 
2.4470144105779505 1.5690134296404983 1.496443991825593 1.4708618809207017 
2.457644849912612 1.5706551635095467 1.4915118802602811 1.4605842179916975 
2.469091579664774 1.572544398520447 1.4870499521045901 1.4506537031934648 
2.480983428368817 1.574902330128882 1.4828714311816475 1.4405284024288698 
2.4930869719688125 1.574365206621082 1.4782089726449597 1.4307367693695385 
2.504743023402961 1.5740030879041158 1.4754275843921352 1.4211048115352296 
2.5167438063160197 1.575087311397081 1.4717887507771947 1.4118492624745738 
2.5290594837806855 1.576628640483469 1.4675148300362948 1.403253293643164 
2.5422926318676122 1.5789388889460616 1.4642905357567404 1.3942726055704036 
2.5549030585478114 1.581253848839179 1.4609911167732959 1.3853202015281119 
2.5677530022636397 1.5823620173316137 1.456659497804142 1.375985382398761 
2.5801169546625884 1.5829948874896902 1.4524757039439158 1.366617712221226 
2.5933259381577214 1.5824314951661902 1.4476948360240631 1.357187351941311 
2.6058538638063196 1.5825331287167108 1.4435967852436602 1.3478513042801599 
2.61932379995869 1.5829388712238914 1.4382523296138003 1.3384003176102441 
2.6326139026357636 1.5811291378167844 1.4325781246393126 1.3295931930173155 
2.646651224949949 1.579459295403665 1.4257884016606912 1.3209469424807043 
2.660180876613069 1.579974579892656 1.4178396587639186 1.3120400163712398 
2.6726855749414233 1.5806583830422325 1.4116073060606766 1.302824881407544 
2.686013390272189 1.581176437501367 1.4065534053835678 1.2942032040083518 
2.7010293939186822 1.58269175592441 1.4015264738148474 1.2851080334651503 
2.717147908114422 1.58520097173841 1.3969685880390226 1.276244846997044 
2.7323413277507256 1.5868977562942652 1.3897827799267046 1.2674899234717727 
2.7474243243494 1.5884836252033776 1.3819520228992306 1.2589883178549575 
2.76245761108992 1.5911777761545347 1.3748004423844191 1.2504228463207963 
2.7770503971304676 1.592792782434948 1.3678107925619243 1.242213229192219 
2.7918911843715675 1.5949978372713505 1.3602626984028563 1.234125941862936 
2.8078763779763 1.5967460909529276 1.3522575417324523 1.225750538872002 
2.8248153775488265 1.5964653374778046 1.3449600354732714 1.2176340333516718 
2.8417167938966768 1.59610560909301 1.3400418998446078 1.209693286594213 
2.859984406180845 1.5977408059938316 1.3358381727902684 1.2020909127773298 
2.8783047782764504 1.5999659914722846 1.3314128822760558 1.194245426824422 
2.897418861520718 1.6003197558243976 1.326645625462454 1.1865217847753975 
2.916803720441958 1.6000593287808373 1.3218080962484209 1.1785579393312418 
2.9368137792373585 1.5999856770758314 1.316841075685775 1.170645039792255 
2.955798176681146 1.6008878159117166 1.3112763535787564 1.162869211726435 
2.97467597367304 1.6011427845169932 1.3056329824502506 1.1553809817588325 
2.9949128591303293 1.5999539973192523 1.3003436719499368 1.1479599702304732 
3.015442380735357 1.59925780670979 1.295140907753822 1.1407704005272143 
3.0365034576715506 1.5994231154430492 1.2906362995832952 1.1332329436333954 
3.0574800494251724 1.598605148427766 1.286895325277409 1.1259633786996812 
3.0787862878629766 1.599428248300211 1.283817263230225 1.1184536317679334 
3.100602892919707 1.60029564307903 1.2822872369700167 1.1109062370372293 
3.1232115498538313 1.6010595801632255 1.2801211162801733 1.1032587822737039 
3.139642889893618 1.6009894912494167 1.277941190991436 1.0956217899079723 
3.1543738673998525 1.5992075519404025 1.2754728270035662 1.0879464113377952 
3.168029542928235 1.5985609325305827 1.2733085449120365 1.0805570104849358 
3.179110151945192 1.5980829987062426 1.270564642533102 1.0731000388422642 
3.1880532558321293 1.5988291712680927 1.2692059523808634 1.0656891352868885 
3.1952517668197413 1.6012155112143456 1.2672104877420338 1.0581502178008906 
3.2010094698637372 1.6042565738042485 1.2648537554763604 1.0502487922519075 
3.2056423027646974 1.6056932363735066 1.26225348225223 1.0421104534260903 
3.2093070421521737 1.6084793414274212 1.2579768490083807 1.0339503804971182 
3.2122595343025857 1.6118400521553986 1.2536943271000949 1.0259392351484493 
3.2146239186571197 1.6140408103983754 1.2493837475203564 1.0188317263206244 
3.2165344696350036 1.6172948097124653 1.2452883654409488 1.011982803960236 
3.218079291937562 1.6194731148126598 1.241211640333185 1.0048209853106562 
3.2193041547176953 1.6203379750478748 1.2382076745708703 0.9978759471008684 
3.2202947142829195 1.6204068812772643 1.2345370426883002 0.9907484326308286 
3.2210827815102943 1.6214280473217138 1.2302872082007426 0.9837944937935872 
3.2216965193563394 1.6227374592347623 1.2262909502667314 0.9763473983433446 
3.222187909894878 1.624290516882881 1.2218546570372446 0.9687313732664268 
3.2225879485245867 1.62609585420218 1.2176684479091353 0.9612272194721836 
3.2229452115665342 1.6284579529193386 1.2137785298307373 0.954061194903248 
3.223195249113061 1.6306872734848636 1.2094148036121168 0.9465716489592199 
3.2234013606851235 1.6331339219916374 1.2049137214460208 0.9393112676266129 
3.2236164324675225 1.635169422397369 1.2001614289807838 0.9324421850333173 
3.2237701721847136 1.6387417318747286 1.195792097835101 0.9251907810591863 
3.223879847405709 1.6431252215079235 1.190912497032903 0.9179571771681276 
3.2239407272785745 1.6478753719869843 1.1855554707846687 0.9108587353439118 
3.223959838073629 1.6526159811643988 1.180172808063003 0.9036373155042735 
3.2239293151474557 1.654436050268557 1.1758262463566613 0.8961209102493127 
3.2238406003641265 1.6568941521058453 1.1718809912289052 0.8888518579444222 
3.223743068061264 1.6592812988230543 1.1677522082826794 0.882090924458077 
3.223661899920902 1.6611089651085558 1.1648104581440792 0.8757017462463158 
3.2235653900223915 1.6628874800649973 1.1631589169008107 0.8689531994384625 
3.2234859191912606 1.6641601035055422 1.160381977245671 0.8613018056920347 
3.2233991434204676 1.6666329679309548 1.1575821403593292 0.8541031431598218 
3.223331498036046 1.6709248525051548 1.1551198169963726 0.8467119903161728 
3.223289920263365 1.6763152937069028 1.1538495984111552 0.8389626805498862 
3.2232456026951772 1.681043477108348 1.1525297889258195 0.8310221240149284 
3.2231904825346476 1.682711565101644 1.1500885072702987 0.8239126221376639 
3.2231029670958273 1.6835711470214108 1.1465610993897386 0.8174330259857311 
3.223031308059399 1.6853012525168607 1.1438269492795838 0.8109291583726488 
3.2229760862625287 1.6875266254531731 1.143001791527366 0.8038424951366331 
3.222932957874204 1.6898585115656186 1.1412324079921978 0.7971094369964766 
3.2228302705449625 1.6922273606545348 1.1394893019885637 0.7903023923308861 
3.222749347592296 1.6946330321758916 1.1378193989471084 0.7834500396695034 
3.2226796989140385 1.6977728059318995 1.136894785631034 0.776540609874388 
3.2226263264169854 1.7015844665204443 1.1368887496810491 0.7704927279075348 
