3.067526898759039 1.4837777910549734 1.2486371999032533 2.0309227910888197 
3.2209032436969913 1.4837777910549734 1.2486371999032533 2.0309227910888197 
3.067526898759039 1.5579666806077221 1.2486371999032533 2.0309227910888197 
3.067526898759039 1.4837777910549734 1.311069059898416 2.0309227910888197 
3.067526898759039 1.4837777910549734 1.2486371999032533 2.132468930643261 
3.144215071228015 1.5208722358313476 1.2798531299008349 2.0816958608660405 
2.9524946400555754 1.5394194582195349 1.2954610948996257 2.1070823957546505 
3.1538010927866376 1.4976882078461138 1.2603431736523465 2.0499626922552774 
3.067526898759039 1.5208722358313478 1.2798531299008347 2.0309227910888197 
3.105870984993527 1.5023250134431605 1.2954610948996255 2.05630932597743 
3.067526898759039 1.4837777910549734 1.2798531299008347 2.0816958608660405 
3.1442150712280155 1.4837777910549734 1.2798531299008347 2.0309227910888197 
3.1250430281107717 1.4559569574726925 1.3032650773990206 2.069002593421736 
3.0819059310969723 1.504643416241684 1.2857061167753812 2.0404427416720488 
3.1106639957728386 1.4721857770623563 1.2974120905244741 2.059482642838507 
3.1466115766176714 1.4872553952527583 1.3120445577108408 2.007122914630748 
3.0872980682236975 1.4846471921044198 1.2879009868533362 2.0630526243072174 
3.0989810319982682 1.4598692621952012 1.292656538688905 2.035881098684252 
3.1041484967447124 1.4917110756311707 1.2947599558469454 2.0512022691541354 
3.1157565697258565 1.4842124915796966 1.2838770583770853 2.0469877076980185 
3.0774124834913685 1.4842124915796966 1.2994850233758761 2.0469877076980185 
3.0989810319982682 1.478416484583388 1.292656538688905 2.061267633572862 
3.0965845266086123 1.4934861027737902 1.291681040876481 2.0596809751423235 
3.0895447920264996 1.4948626544354136 1.288815516052484 2.0470868738499273 
3.0596633654492327 1.4943917288669633 1.3000642252020032 2.0614163828007244 
3.0736866665183884 1.491846919545147 1.2960174334957737 2.057809214025048 
3.0884214301250985 1.4897549232699165 1.2883582514529102 2.055069749078572 
3.091941297416155 1.489066647439105 1.2897910138649085 2.0613667997247704 
3.082355275857533 1.4844298418420583 1.2936930051146063 2.0550201660026177 
3.101527318974777 1.4844298418420583 1.2858890226152107 2.0550201660026177 
3.102238781512331 1.4895194604856914 1.2822766322785761 2.062234503553971 
3.083422469663863 1.4920642698075084 1.2882744196096545 2.0658416723296478 
3.073302851202075 1.4882470558247838 1.2948857036118286 2.0604309191661327 
3.08705935381965 1.4837936395116045 1.2921935582818374 2.0541183738086985 
3.0843316907028098 1.4899966122335324 1.2892542042777002 2.0629108476994107 
3.1026933920318056 1.488485631698703 1.2827665246125988 2.0607690912388525 
3.0806504864095077 1.4883066997932635 1.2918559088620212 2.0605154621843127 
3.0858148794632534 1.487321902168976 1.2885775955655183 2.062981736003314 
3.086376560413954 1.4898757677517245 1.2888062278653052 2.0589902983889914 
3.0881364940594827 1.4895316298363186 1.2895226090713043 2.0621388237120906 
3.0788172709524426 1.489121834029158 1.2920699539447644 2.0616708834327717 
3.093512541367306 1.4892411219661175 1.2860103644451495 2.0618399694691316 
3.089521242382472 1.488169865350748 1.2878761588145309 2.065945390052982 
3.088735071890342 1.4885963409509924 1.2881086760772242 2.0642066171369846 
3.0850732850830314 1.4886592572012542 1.2889158999216093 2.0629462918513624 
3.0862340923811464 1.4897641210349255 1.2893884066745023 2.0625248357057506 
3.088922116035058 1.489618867099825 1.287632284361425 2.062375408584271 
3.085354125558382 1.4899361899926284 1.2890302160715028 2.060950573044201 
3.085606516308494 1.4893413422286945 1.288027895641616 2.0620667248838727 
3.0812606927912993 1.48934783372823 1.2899818235947893 2.062061810155152 
3.083176048602239 1.4894155920711287 1.2893944387864482 2.0621402097624317 
3.0848429081305957 1.4899664011130804 1.2891422101746015 2.061930710371806 
3.084969103505652 1.4896689772311134 1.2886410499596581 2.0624887862916417 
3.084702487892921 1.4893279347173933 1.2890850520996548 2.0629285697753863 
3.086626903368934 1.4898077396666787 1.2884432443195626 2.0626431281418407 
3.085682814961075 1.4903919304048092 1.2886553022661063 2.0620581664769633 
3.0857730550760554 1.4904123644779368 1.289106430559327 2.0622826400533683 
3.085104463678123 1.4896996283408048 1.2893177423994895 2.0628254966562496 
3.084679927864176 1.4893228261991114 1.2889722700263502 2.062872451381285 
3.0854997732730856 1.4901399799082304 1.2890728904260826 2.0624300928853474 
3.084718077190466 1.4898481202871685 1.2892859733385948 2.06286817217783 
3.084587299416703 1.4899815066733064 1.2891982072261507 2.0624207790356084 
3.0854792970358718 1.4899021759501054 1.2888487242986315 2.0627769879206257 
3.0850523728894323 1.4902044883557346 1.2891803174185137 2.0625967438763895 
3.0845058092834936 1.489659719216322 1.289113237152025 2.0628916495403478 
3.084930137689618 1.4897218071702578 1.289052862307325 2.063303049633499 
3.0846730089849315 1.4899165817975444 1.2891618709964443 2.062641346685081 
3.084905493869341 1.489949394091819 1.2890514642881659 2.062843917810018 
3.0844187499931515 1.4898281657249273 1.2891837207148626 2.0629012486198794 
3.0845248839466377 1.4899223662603505 1.2892700888081476 2.0628895099386204 
3.0844594950597566 1.4899890594534195 1.2892262057519255 2.0626658133675093 
3.0846309141962136 1.489859209701895 1.2891535332925126 2.063106948666455 
3.0847777413643502 1.4900356254188711 1.2891809246184003 2.0629743634373723 
3.08468799352155 1.489983760495385 1.289181623642516 2.062956084732999 
3.084594116823955 1.4900668568386486 1.289225157215752 2.0626932314240687 
3.0846033161670197 1.4900149450544604 1.2892072512349422 2.0627966607346653 
3.084618592286075 1.4899730031626757 1.289152834282933 2.0628773827547144 
3.0845098421121797 1.4899901863644587 1.289217913960108 2.062933466216205 
3.084428287324724 1.4899594892469414 1.289262146542924 2.0629001788190156 
3.084481302449512 1.4899279109677137 1.2892038687851064 2.063008898182933 
3.0842569690085373 1.4899640962436476 1.2893162324999867 2.0629993127040676 
3.0843616148117947 1.4899799136577347 1.289233963218527 2.063026083582292 
3.084248755868148 1.4900374932819733 1.2893072881930545 2.0629259569180545 
3.084312014034043 1.490014280404071 1.2893138562468978 2.0628587081865772 
3.084349214617357 1.4899885053443187 1.2892539364756197 2.062984239733363 
3.0840834729862463 1.490003167187277 1.2893479167630721 2.0629767123112432 
3.0841112296655138 1.4900121791288963 1.2893588843912869 2.062922175083025 
3.0841306056028213 1.490060629672192 1.2893179143125701 2.062868533301799 
3.0842253781571083 1.4899882296007836 1.2893166529531326 2.0629666178535 
3.0842214601841618 1.4900043956812143 1.2893065443344935 2.062916511391218 
3.084290223285479 1.4900170527577528 1.2892807462353773 2.062918402308733 
3.0842075818445283 1.4899998897104048 1.289301060520386 2.0629437800053267 
3.0842943298556733 1.48998035423859 1.2892852183888435 2.062955080201739 
3.0843404526600833 1.4899925587889258 1.28925407037666 2.062947543716387 
3.0844207664074945 1.489993399298996 1.2892360591189043 2.062922156957808 
3.08426087798527 1.4899982671075525 1.2892848101700156 2.062938374243447 
3.0843109569941447 1.4900068324956426 1.2892674752565387 2.0629146250040717 
3.0843360716814465 1.489994585511229 1.28925413732718 2.062929195707899 
3.0843130102792413 1.4899884832360613 1.2892697113332718 2.062932963950575 
3.0842696362736692 1.4899982509719685 1.2892776323990431 2.0629273138523687 
