2.356194490192345 1.5707963267948966 1.5707963267948966 1.5707963267948966 
2.4740042147019623 1.5707963267948966 1.5707963267948966 1.5707963267948966 
2.356194490192345 1.6493361431346414 1.5707963267948966 1.5707963267948966 
2.356194490192345 1.5707963267948966 1.6493361431346414 1.5707963267948966 
2.356194490192345 1.5707963267948966 1.5707963267948966 1.6493361431346414 
2.415099352447154 1.6100662349647692 1.6100662349647692 1.4922565104551517 
2.444551783574558 1.6297011890497055 1.511891464540088 1.531526418625024 
2.4887304302656643 1.6591536201771095 1.4431691252428118 1.5118914645400876 
2.5108197536112185 1.5560701112311945 1.5266176801037905 1.50207398749762 
2.5881323853206544 1.6272468197890886 1.5045283567582377 1.467712817848981 
2.704101332884809 1.655472066286185 1.4713943717399083 1.416171063376023 
2.673728513284673 1.6106798272799239 1.3959225169759346 1.5082099106491618 
2.7146858003212198 1.6698914856923102 1.3477555202363263 1.3983768862365493 
2.779803284766966 1.7415283884865698 1.3025030869937 1.415250674903291 
2.9142950503448395 1.8342575271142572 1.1904457904386545 1.371839018606126 
3.0146749181521058 1.7259968330092286 1.2595899744526 1.3354069748938429 
3.2776471620953256 1.7594184394252883 1.1678003990574943 1.24716473007072 
3.1316361595384246 1.8488399319790965 1.192775523760257 1.2085659384955476 
3.360589982665301 1.9679199843286828 1.091202027152418 1.05874395241874 
3.2991540521104796 1.8791024967101033 1.1634525222618306 1.2234934890376592 
3.6072648791597253 2.0053371313281874 0.8858427460192102 1.1093605247290035 
3.3814739925909967 1.9178708650676866 1.0322306524493847 1.1860631593907582 
3.6306606328227735 1.8683583394768304 1.087683758325829 1.0608046398912165 
3.093386445964323 1.8427827302049005 1.1647552824104481 1.2940804239273986 
3.45156923720329 1.859833136386187 1.1133742663540354 1.138563234569944 
3.362023539393548 1.855570534840865 1.1262195203681387 1.1774425319093076 
3.182932143774065 1.8470453317502225 1.1519100283963448 1.255201126588035 
3.3172506904886774 1.8534392340682044 1.1326421473751902 1.1968821805789895 
3.2565550760647106 1.8833553985233915 1.112503088104821 1.197314548943153 
3.204641660816875 1.8041291857021924 1.1802879614088757 1.2278653342831338 
3.2153951058244523 1.8639712143446 1.1781140230110438 1.2160297137666034 
3.2468298494659864 1.8522052334099808 1.1594975220641979 1.1930042352024275 
3.1572841516562447 1.8479426318646595 1.172342776078301 1.231883532541791 
3.17967057610868 1.8490082822509897 1.169131462574775 1.22216370820695 
3.1681389101776496 1.8264845588406444 1.1865317425845663 1.2182156363893406 
3.1940956178015676 1.866097665251244 1.152639305932539 1.2029402437193504 
3.1735156326814384 1.8564055731618483 1.1854447733856506 1.2122978261310755 
3.1892330045022055 1.8505225826945386 1.1761365229122274 1.2007850868489875 
3.137166235648292 1.82502865808682 1.2178049753888116 1.216992000213125 
3.1798632722632485 1.855830413460138 1.168930723296607 1.206453182842794 
3.151398581186611 1.835295909877926 1.2015135580247436 1.2134790610896813 
3.1585147539557705 1.8404295357734788 1.1933678493427093 1.2117225915279595 
3.172747099494089 1.8506967875645852 1.1770764319786413 1.2082096524045158 
3.1654270379304297 1.8767478788593899 1.1791848834338219 1.1967136155507228 
3.1571588178321597 1.8655611957828513 1.1896944197673371 1.200971581108651 
3.168850029078607 1.8544128896191516 1.1802309289258153 1.2064001345805497 
3.1525758961099317 1.8526227525704724 1.1891101485729538 1.2104318823133116 
3.148531598734427 1.862793905419243 1.1859802035970395 1.2026397770231352 
3.160434582020315 1.8496812573368175 1.1844560233362422 1.2046755126722677 
3.152191629516257 1.8497683597718408 1.1849259778694492 1.2083877954500317 
3.149887534858037 1.8376622454098706 1.1896536331724117 1.213390787442444 
3.14887058276533 1.8565109904169 1.1868985609908824 1.2053275296279624 
3.144566980700744 1.8540591063798022 1.1916941504607186 1.2061126361045127 
3.150285467312379 1.8508410464238312 1.1866180210172665 1.207819005613652 
3.131249470842717 1.8547261033583324 1.193245103834438 1.2113966653529693 
3.153138304225916 1.8509424688421963 1.1866532934607912 1.206355800842443 
3.1409608134254015 1.8498404892014637 1.189696772388762 1.2081924720545998 
3.140253371151877 1.852675461197998 1.1898370423755698 1.206946734061755 
3.142106027824178 1.8507313422747844 1.1909428361666055 1.2094989104044296 
3.14603537077937 1.849260594657957 1.1886157735482497 1.2066207255839076 
3.1401158146318093 1.8466607178586525 1.1911784105563672 1.209492289207487 
3.1402189820218602 1.8511717753631616 1.190172384420769 1.2075831228481881 
3.131425620625562 1.8510311747512962 1.193177984819947 1.2102994963174751 
3.142382933240918 1.8497032396812918 1.1897563263661741 1.2075404182672995 
3.1359275707801424 1.850005853671129 1.191473954090513 1.2080745306718679 
3.1411625049230194 1.850951558818973 1.1905576102936872 1.2085410166263089 
3.140589897723631 1.8505061322823126 1.1899345784047655 1.207887797451394 
3.143127176400615 1.8502161850105594 1.1893940789845092 1.207101924216048 
3.135822301323712 1.851101475057229 1.1916751846203582 1.2089413095828316 
3.141300957631389 1.8504375075222268 1.1899643553934713 1.207561770557744 
3.138545037851581 1.8504787062450512 1.1910157821921001 1.2083077736490884 
3.138073276401001 1.8505888145171454 1.190823169255641 1.2078288267600281 
3.1382587342518864 1.8502559929767208 1.1907042662476393 1.207981164061631 
3.1395273735903784 1.850111019340844 1.1904340165375111 1.2075882274439578 
3.1373484396601237 1.8500021340078683 1.1907019208735519 1.2074286008196538 
3.1382458883037168 1.8503595631857555 1.190937316862463 1.2080879804417297 
3.137000423590572 1.850297334094137 1.191148561673077 1.2079516787159479 
3.137093152516014 1.850130923323925 1.1910891101690761 1.2080278473667494 
3.1377274721852606 1.8500584365059867 1.190953985314012 1.2078313790579127 
3.137236304315862 1.8502422799580902 1.1912448681413066 1.2081911521604782 
3.1359012534160344 1.8502797590176536 1.1915242617229742 1.2082912253996092 
3.13572489583552 1.8501146550953322 1.1913730756865135 1.2079814889166092 
3.1353230126832834 1.8499682614598827 1.1915816391614613 1.20823586746147 
3.134345213841476 1.8500533412980738 1.191887355161655 1.208263708858029 
3.1350321985101104 1.8500727368045364 1.19168779391351 1.2082047434852092 
3.1356252917317127 1.8499870575655057 1.1915277966259872 1.208155199066669 
3.1358262333078315 1.8500602543832305 1.1914235148885133 1.2080280097942384 
3.1359144120980886 1.8501428063443912 1.1914991079067436 1.2081828780357386 
3.136510361648078 1.8500683884975269 1.1912815321297945 1.2080511890193086 
3.136030316635793 1.849917970714305 1.1913542909606603 1.2079715862403035 
3.1365219494542096 1.85003917606759 1.1912388494087534 1.20790745879619 
3.1358494561623367 1.850000087191027 1.1914555598216787 1.2080932639990491 
3.1353064267949735 1.8499236944823192 1.1915721277508884 1.208032506333421 
3.1362093779348017 1.850032214993725 1.1913541810350678 1.2080465183478366 
3.1361821274487056 1.8499178089018624 1.1913954780654465 1.2080649398352903 
3.1360539495272004 1.8500600116645667 1.1914852955456927 1.2081680401867185 
3.136036224858645 1.8499534809518705 1.1913870421069184 1.2080206997269074 
3.1358885134712393 1.850002970431078 1.1914647569560959 1.2080838973354586 
3.1360684743574723 1.850019034332427 1.1914140675627904 1.2080605245098521 
3.136054849114424 1.8499618312864956 1.1914347160779797 1.208069735253579 
