3.162521062081387 1.2431149543519573 1.4403627326734165 1.8331440032878656 
3.3206471151854564 1.2431149543519573 1.4403627326734165 1.8331440032878656 
3.162521062081387 1.3052707020695553 1.4403627326734165 1.8331440032878656 
3.162521062081387 1.2431149543519573 1.5123808693070875 1.8331440032878656 
3.162521062081387 1.2431149543519573 1.4403627326734165 1.924801203452259 
3.0043950089773177 1.2741928282107562 1.4763718009902518 1.8789726033700627 
3.083458035529352 1.2664233597460564 1.467369533911043 1.867515453349513 
3.1229895488053696 1.1926134093314087 1.4898752016090655 1.8961583284008865 
3.103223792167361 1.2295183845387325 1.5146314360768898 1.927665490957397 
3.132872427124374 1.298472417162943 1.4774970843751531 1.880404747122631 
3.130401707544623 1.2720076652050594 1.4805916136836312 1.8843431424421948 
3.195875776408027 1.227454619477797 1.5066137919594693 1.917461466720345 
3.252084646847365 1.2079702493436675 1.526235920983682 1.9424344734057604 
3.222436011890351 1.2633277121546533 1.4553430677349124 1.8522094169939354 
3.133026847098108 1.2379707164427127 1.4998093439913953 1.9088014724665316 
3.1965706662898317 1.2038199571071528 1.4989917552820529 1.907760930521306 
3.146943947230925 1.2549607381805827 1.4851916490832366 1.8901975894619727 
3.1644513117530675 1.232712667960255 1.5032115679754323 1.9131314695934383 
3.179198419244707 1.2352847869148773 1.5094973306332784 1.8753027350041052 
3.179198419244707 1.2352847869148773 1.473488262316443 1.921131335086302 
3.163138741976325 1.2497311423414281 1.4936027028215504 1.9009023045812699 
3.172133705446357 1.2373068214323015 1.478960831903169 1.9510105529865722 
3.168601348547183 1.2383178386910139 1.4636925825381142 1.9888644619778058 
3.1926908644497543 1.2166483055511872 1.4875345242557065 1.9504651076120587 
3.170526772594682 1.241460433143868 1.4920856581800894 1.913293005338967 
3.1722953638563602 1.2341824840922335 1.5169476626926373 1.9263169122333592 
3.174021127703447 1.2344580597978945 1.5060828125985886 1.925020517946595 
3.184004740927192 1.2323807204550494 1.4927873119313193 1.9342360098534586 
3.1682925085997122 1.2350097446962782 1.4910861999393008 1.9320710112900052 
3.1713302390205196 1.2393836272880847 1.4855232450416294 1.9321517791627696 
3.175666062345532 1.2362958041735894 1.476224547109806 1.936070944036437 
3.159706516778868 1.2416172783400778 1.4731101000656333 1.9414161338844333 
3.1711257531959256 1.2422920209207486 1.4658231621208184 1.9482536937451014 
3.1690008197487654 1.236830313752396 1.4847704404846802 1.9361166819037794 
3.1704174420468725 1.240471451864631 1.472138921575439 1.9442080231313272 
3.169354975323292 1.2377405982804546 1.48161256075737 1.9381395172106664 
3.1659201111126123 1.2394620498861897 1.4760354659844013 1.946213343435503 
3.171731972233438 1.2383452243601931 1.4822420384723993 1.941581166074671 
3.1738998838959445 1.2368013128029456 1.4775926895064875 1.9435407485115046 
3.170567262597561 1.2370685675923487 1.4818656361939246 1.9435636174451758 
3.1662766417990396 1.239290018832571 1.48195929677046 1.9476435914594565 
3.1674639526981623 1.2401334896632792 1.4777331803712905 1.9496607095329253 
3.164165233294648 1.2397509655469776 1.475102349042261 1.955682932632558 
3.169099655506492 1.2387785978513752 1.4808423630591894 1.9557855498702534 
3.1683047694080217 1.2389494608600788 1.4796406387904921 1.953392498261566 
3.16979882907226 1.2387201555477905 1.4783470061372297 1.9503356312597488 
3.1692051736226983 1.2382984201324363 1.4804600643368144 1.9493270722230145 
3.1681494693705026 1.2385288934896397 1.477031590472715 1.9533467428095652 
3.1690269082794846 1.2383844356592455 1.477498148943785 1.9486119482110376 
3.170616680476424 1.2380427096418387 1.4799015974811787 1.9533980514284133 
3.170253685385731 1.2373682668003179 1.4798300359597087 1.953205578464034 
3.169254336436221 1.2377084912855087 1.478239663855025 1.9500469218131793 
3.172273981075002 1.2368121063356425 1.4817137075546438 1.9484483199338345 
3.169180597296627 1.2380996967011404 1.4782021197431972 1.9521221370906325 
3.171242853148877 1.2372413031241418 1.4805431782841616 1.9496729256527672 
3.17216337236561 1.23739891445909 1.4816573913869018 1.951561142850015 
3.1699815954185686 1.237631097078904 1.4790940957379943 1.9504254770723883 
3.171688279297617 1.2372740622782217 1.4797520050936654 1.9503417393196698 
3.1706694395345276 1.237802620782369 1.4797104481199916 1.9501688126047934 
3.171193695416044 1.2373375441163097 1.479395433931439 1.9521080657253032 
3.170694020941289 1.2375076563589051 1.478600247879097 1.9505287373998756 
3.172148538905984 1.2373528679456955 1.4803091116450355 1.9512858479182933 
3.1729126699984733 1.2368330271038954 1.4794982431666632 1.9522042903701258 
3.171230247150514 1.2375602223627507 1.4796573968816595 1.9506776820461265 
3.1724066899841925 1.2374094428931752 1.4799442388303259 1.9495498454100277 
3.172958359666561 1.2371113749119464 1.4798256968544385 1.9504163107711547 
3.171662275279526 1.2374480105000496 1.4796994718748544 1.9506123392273835 
3.1722701977152745 1.2373581321627385 1.4794525353667476 1.9502801991982999 
3.1721411221761704 1.2373298446889986 1.4796349717741024 1.9511482004524328 
3.171910992371987 1.2372904418552615 1.4793564184984174 1.950676146153121 
3.1716819762984354 1.237433521897526 1.4793091143924144 1.9508441175163493 
3.1716637004312 1.2373221827743053 1.479178132917304 1.9515593093559378 
3.172118573394256 1.2373491448156302 1.4793839347543867 1.9505999767377094 
3.1721266962856225 1.2374192245619664 1.4792880079136186 1.951125277693411 
3.1719649183503957 1.2373226375319377 1.4793393158522177 1.9507884290381936 
3.171808464568551 1.2373762181496994 1.4788616266769918 1.9504733376869798 
3.172057957774266 1.2373414380541738 1.4794416354998248 1.9509794847610695 
3.1718007055404707 1.2373530646423396 1.4791415140694264 1.9512113154133832 
3.172296667257309 1.2372284589328502 1.4791325342699047 1.95115077358326 
3.1718356490381536 1.2373822561563572 1.479264969361787 1.950920781533077 
3.171809531413423 1.2373409518272942 1.4789116800934754 1.9509860547245437 
3.171995851184055 1.2373413164974538 1.4793091466482373 1.950981127251938 
3.172111941222486 1.237279663895659 1.4791104348747384 1.9510749308119664 
3.1719047220842365 1.2373566080911826 1.4792263357400248 1.9509593188527994 
3.1719525737771646 1.2373562677997012 1.4789795983282112 1.9512927282141526 
3.1719618322070877 1.2373310450988786 1.4792493864712162 1.9509145038321833 
3.1720192137652967 1.237331714761742 1.479093583821597 1.9509849359196858 
3.171967205493414 1.2373299430373206 1.4790511729862978 1.9511109341999777 
3.172064778315206 1.2373240689648777 1.4791349892757033 1.950995840119255 
3.1720493118983764 1.2373147294821196 1.4791500738776935 1.950899491012383 
3.172019939986515 1.237317535391864 1.4789928420186755 1.951007116940054 
3.1720311495686873 1.2373191687851173 1.4790283788329326 1.9510042977348543 
3.1720915086723664 1.2373107754572106 1.4790554528904312 1.9509550219994776 
3.1720504554698854 1.237318382234811 1.4790060024447333 1.951060743593275 
3.172076459605827 1.2373192680970218 1.4790272078623832 1.950997744453129 
3.1720992418807814 1.2373154451985897 1.4790479105894363 1.9510031965529135 
3.172110996128869 1.2373064440644348 1.4790078910515017 1.95101701311299 
3.172102361998108 1.2373096500725815 1.4790127202542218 1.9510121959480247 
3.1721629535289217 1.2373029638455306 1.4790324553738956 1.9509297401502188 
3.1720785799846443 1.237314527637491 1.479012615677024 1.951027992732511 
