3.1456979340820457 1.246174001821882 1.3685237393353615 1.7259800963421894 
3.302982830786148 1.246174001821882 1.3685237393353615 1.7259800963421894 
3.1456979340820457 1.3084827019129763 1.3685237393353615 1.7259800963421894 
3.1456979340820457 1.246174001821882 1.4369499263021297 1.7259800963421894 
3.1456979340820457 1.246174001821882 1.3685237393353615 1.812279101159299 
2.9884130373779434 1.2773283518674292 1.4027368328187455 1.7691295987507438 
3.0670554857299948 1.2695397643560424 1.3941835594478995 1.7583422231486052 
3.10637670990602 1.2890112331345094 1.3129274624248624 1.7853106621539518 
3.1358676280380395 1.256883309650039 1.4059443103328129 1.74081273779513 
3.1014615568840176 1.2009028369119465 1.400063934890356 1.7927269828804222 
3.079343368285003 1.2405759545480728 1.4158340326678536 1.8261004261495388 
3.0461660853864814 1.237776930911168 1.4394891793340996 1.8761605910532135 
3.1641297579145586 1.2027282871099279 1.4009994491652926 1.82761740084359 
3.2126668940068406 1.1693225484868703 1.4044073940239894 1.862254989691082 
3.109448680544774 1.188307230545876 1.386766267696619 1.888549217721295 
3.11605341741809 1.2054512503219166 1.3915607783556676 1.8516150977397539 
3.121736563099781 1.2216521208290003 1.408416740916573 1.8268589134965643 
3.154913845998302 1.224451144465905 1.384761594250327 1.8199482510014444 
3.132795657399288 1.2018155620109372 1.4005316920278243 1.810172191862006 
3.149998692976299 1.2298057983799833 1.4034718797490529 1.78421506931936 
3.1625937725951823 1.2375031133814707 1.3982931400127985 1.819147625468473 
3.19408147164239 1.225592050839643 1.3853462906721623 1.7986052598198694 
3.139822790235433 1.222637103331661 1.4026491283554705 1.8197955000773907 
3.1607313903954393 1.213854025764499 1.3898797761428914 1.859039319376089 
3.16609773910501 1.2058781394567566 1.3830837243398104 1.8964514444044531 
3.181361593216308 1.2166311820292404 1.3843178514301844 1.8430807982674078 
3.202130994706746 1.21362822137803 1.3751522129675413 1.8547234473624163 
3.1679745211671224 1.1913292063033154 1.3816861954815494 1.8556952592757923 
3.163938959738167 1.2259596366119319 1.3941414038799862 1.8282845339203029 
3.171046491805874 1.2152426038968698 1.3870988137865379 1.8510600588217483 
3.168137719607305 1.2205411632475727 1.3845397228402558 1.831514524634426 
3.1727456755654333 1.2096797345695842 1.3926586502977385 1.8353490995554989 
3.1719776829057453 1.2270671477053554 1.3913054957214914 1.8311142118679404 
3.1735160682021832 1.230061313869935 1.3809722915914964 1.8430356972402624 
3.1808131984577503 1.2239599605031275 1.3873075034245992 1.8526308584642535 
3.1713065893199164 1.2213958625614614 1.3852316679863417 1.8367936080918827 
3.176204042511091 1.2159368929630552 1.385708332608361 1.847070428544578 
3.1766696380610266 1.2218491648672978 1.387811673575838 1.837097505067674 
3.177438830709246 1.2233462479495878 1.3826450715108405 1.843058247753835 
3.1747496564118065 1.2185861726384064 1.38442878713522 1.8372976614509169 
3.1770536343908704 1.2131554582994122 1.3884882508639613 1.8392149489114533 
3.180894797677841 1.2152001764410962 1.3887342671039524 1.84593417894464 
3.1805114013422626 1.2216532498509327 1.3847978114952069 1.8473765065006964 
3.183514672637629 1.2217299936312283 1.3871224691942299 1.8396740658456308 
3.1807089494541394 1.2160520086334987 1.3891953191568955 1.8355167675619797 
3.180560788370232 1.2202529395465742 1.385897188410629 1.8444115717660172 
3.1864962878899785 1.2150579809567716 1.3852242144936602 1.8494528023441739 
3.1791263005182646 1.2201513688896664 1.3871648088052935 1.840186329386799 
3.18096119079327 1.2184420607879072 1.3851075199204068 1.8437461850167125 
3.1824381329269684 1.2191805878302344 1.3857201603122071 1.8413774320565193 
3.1811281954470747 1.2159156792351684 1.3865260592670685 1.8445074886060238 
3.1790156156386673 1.2192401734482692 1.3860647625030111 1.840089151667541 
3.1810105778212385 1.2170417504835491 1.3862068968358288 1.840781250282034 
3.183953634067127 1.215144426340827 1.385320721419633 1.8447843329384512 
3.182719129460012 1.2161683631176876 1.3855067316904774 1.8436105376207237 
3.182636521265188 1.2185952624951875 1.3843497608672801 1.8399175205073188 
3.1810042831548397 1.219556028301418 1.3847906030322727 1.8389679629359164 
3.182290417883719 1.2170152794136202 1.3853276995259263 1.8424498939495217 
3.181999057240748 1.217613222262214 1.3843338061487322 1.8414991593873633 
3.181899863071638 1.2179058849297375 1.3850190058711958 1.8422291151619636 
3.1811860855187732 1.2168364662563946 1.3852623741330066 1.8419310242747209 
3.18204036133816 1.2163997725734639 1.384912291560331 1.8433456679440656 
3.182464351914654 1.2174385646409331 1.3840291033722154 1.843146346105679 
3.1818220713835137 1.2183946543575983 1.3839375918508332 1.8416320415171414 
3.1819857888494987 1.2168984930194975 1.3846686166329565 1.8429172613373346 
3.1816803252285277 1.217122202145727 1.3843258287894584 1.8422899788273854 
3.181912972565481 1.2170348733350869 1.3841734774012 1.8431135721865433 
3.181630728143973 1.2172685334794888 1.38466842865069 1.8426549567146857 
3.181700977277234 1.216515477301352 1.3846150714952576 1.8432132331057367 
3.18127383936754 1.2167338241428176 1.3847901127815954 1.8425059112710644 
3.1814336226670257 1.216809086440885 1.3846359539364963 1.8426578264999343 
3.181457531050575 1.2162704404791134 1.3842789241750082 1.8429659616355463 
3.1815874288706234 1.217019010229395 1.3845710525317696 1.8427327079449007 
3.181330507714009 1.2172752631212718 1.3843102718486964 1.8421674226640772 
3.181608359886428 1.216705423756332 1.3845388715836173 1.842951780495322 
3.181474511043466 1.2168250961293177 1.3844444519809769 1.8429067531061543 
3.181520959222418 1.2168766920874838 1.3843218401098214 1.8426853885473966 
3.181397607941667 1.2167201342350626 1.3844769026833403 1.842869312383671 
3.1815312852467708 1.2165733296652963 1.3844664614627211 1.8431470156865721 
3.181546566422814 1.2167330157206062 1.3842983998085114 1.8430406654200946 
3.181505691010689 1.2165820136219956 1.3842578244246426 1.8430701808545813 
3.1814823060352717 1.2167643255024871 1.3843977950918933 1.842947610043261 
3.1814978960188833 1.216642784248826 1.3843044813137262 1.8430293239174746 
3.1814862035311746 1.216733940189072 1.3843744666473516 1.8429680385118143 
3.181441864986116 1.2164590417146237 1.3844067495645629 1.8434328703955478 
3.1815011856633424 1.2167722794942688 1.3843430674735067 1.8428722590094344 
3.181484111743443 1.2166209632656342 1.3843384234401097 1.8431023306799401 
3.1814856805842417 1.2167056959582125 1.3843654558455412 1.843001611553846 
3.181431389439825 1.2167017307617547 1.3843304594518455 1.8429765286384212 
3.1814464392315394 1.2166022558472682 1.3843921564464527 1.84311390697699 
3.181454079819561 1.2166820988749234 1.384308125619348 1.8430607318437513 
3.1814238983737413 1.216682561109156 1.384346159038768 1.8430244183896112 
3.1814228524798756 1.2166260726474372 1.384328137435147 1.8430915644736738 
3.1813770573642124 1.2165985217679265 1.3843761767624672 1.8430706673344952 
3.1813500070185707 1.2166764977559112 1.3842841560933694 1.842995872380009 
3.1813741150718133 1.2166579372787505 1.3843111561816401 1.8430253810292543 
3.181417917739698 1.2167099395906646 1.3842676254869415 1.8430164688698834 
3.1813872724580836 1.2166263762236111 1.3843490389435857 1.8430571177183421 
3.1813964913280666 1.2166664563954974 1.384324155441015 1.8430286634529145 
3.1813922228480918 1.2166286273383387 1.3843229944326656 1.8430861813705408 
