3.136054849114424 1.8499618312864956 1.1914347160779797 1.208069735253579 
3.292857591570145 1.8499618312864956 1.1914347160779797 1.208069735253579 
3.136054849114424 1.9424599228508204 1.1914347160779797 1.208069735253579 
3.136054849114424 1.8499618312864956 1.2510064518818786 1.208069735253579 
3.136054849114424 1.8499618312864956 1.1914347160779797 1.268473222016258 
2.9792521066587025 1.896210877068658 1.221220583979929 1.2382714786349185 
3.214456220342284 1.8615240927320362 1.1988811830534671 1.2156201710989138 
3.175255534728355 1.9019920077914283 1.1355862137618244 1.242046696557586 
3.077253820693529 1.9106637038755838 1.1560639979444147 1.2477095234415871 
3.1801556204300954 1.8738089955179231 1.188176886776204 1.2236425091845822 
3.1556551919213893 1.875976919538962 1.1635104649199022 1.255259959286922 
3.136054849114424 1.8499618312864956 1.1914347160779797 1.2382714786349185 
3.136054849114424 1.896210877068658 1.1914347160779797 1.2382714786349185 
3.175255534728354 1.8557429620092658 1.1951579495657234 1.242046696557586 
3.136054849114424 1.8499618312864952 1.221220583979929 1.2382714786349185 
3.1556551919213893 1.8066033508657182 1.2081892667728265 1.255259959286922 
3.140954934816165 1.8738089955179231 1.1956233537516914 1.2425185987979193 
3.155655191921389 1.8528523966478807 1.1932963328218515 1.255259959286922 
3.155655191921389 1.8528523966478805 1.2081892667728262 1.2401590875962523 
3.155655191921389 1.8528523966478807 1.1932963328218515 1.2401590875962523 
3.155655191921389 1.875976919538962 1.1932963328218515 1.2401590875962523 
3.1654553633248708 1.831173156437492 1.201673608169275 1.2486533279222538 
3.1703554490266117 1.8434580592233787 1.2058622458429862 1.2302491405492502 
3.159330256197695 1.8505038122917552 1.1964378110771352 1.2490072546025042 
3.1666803847503058 1.8458066435795042 1.2027207675877025 1.236501845233668 
3.1758680454410704 1.8399351826891905 1.2105744632259117 1.2435213910586276 
3.1607084053013095 1.849623093158208 1.1976158654228666 1.240999663461846 
3.170355449026612 1.843458059223379 1.1984157788674992 1.24535001223992 
3.165455363324871 1.8542976793285733 1.201673608169275 1.2411028920769192 
3.17096795973933 1.850774802794385 1.198939358576713 1.239274270895627 
3.165455363324871 1.8542976793285733 1.1942271411937875 1.2411028920769192 
3.1755617900847115 1.847839072349228 1.2028662063958175 1.2427840438081068 
3.1806150034646317 1.8446097688595553 1.1960160385336018 1.2436246196737009 
3.1692452733598113 1.8518757017113188 1.2002592157603567 1.2417333239761146 
3.173111747233842 1.8532588824018255 1.1970486540712182 1.2406604837266064 
3.172805491877483 1.8496005106163222 1.1967868642166113 1.243698354398753 
3.1754086624065327 1.8517910171792469 1.1990120779807705 1.2424153701828464 
3.1703554490266126 1.8550203206689195 1.1984157788674992 1.2415747943172526 
3.174260204820187 1.8583060805133065 1.1980303660259943 1.2396503179933929 
3.178662625567845 1.854529150382903 1.1962087449543537 1.2408116399129632 
3.1765858314325373 1.854651942954407 1.19676050343264 1.2410024285140353 
3.174197996700927 1.8591889167601559 1.1944866585670173 1.2392645932129636 
3.174500663127329 1.8573394418649287 1.1956180134204557 1.2400522874554343 
3.1747578697742704 1.8570245212612861 1.1965941577958588 1.2408485072754893 
3.1759206830804456 1.8551974524818364 1.1959592264991818 1.2415245625358107 
3.1741836409810977 1.8545009222055455 1.1961033018184708 1.2413535901420962 
3.175332098567443 1.8537669895942563 1.197085013773247 1.2422310333702162 
3.1755881089044 1.8525796418841658 1.1955585880324526 1.2427294340273654 
3.174965429556803 1.8559133014170062 1.1963352653550072 1.2413187389634583 
3.174830545605907 1.8569103294625704 1.1946928578459448 1.2408907607292594 
3.175206710327059 1.8545528245613347 1.1964869747914215 1.241895965209977 
3.174955933846291 1.856124494495492 1.1952908968277702 1.2412258288894986 
3.175192466761291 1.8548696141790635 1.1949204220005663 1.2417566000990374 
3.175022188857925 1.8556523796075206 1.195981554516397 1.2414282042473532 
3.174719587854726 1.8551219421074057 1.1956306256920972 1.2417001433498411 
3.175105734287323 1.855933728252379 1.1952244231967468 1.2416362627235422 
3.1755881089043996 1.8554702072455511 1.1955585880324526 1.2417856295466985 
3.1751104821425784 1.855828131713136 1.1957466074603653 1.241682717760522 
3.175224000744823 1.8553062880941649 1.1950391857831448 1.2419016483283118 
3.1751388617931395 1.8556976708083932 1.1955697520410602 1.2417374504024696 
3.1758245320018825 1.8563003420503887 1.1951247307258943 1.241902876265307 
3.1755482959650934 1.8560057420646427 1.195251204467445 1.2418521930364406 
3.1754218218163768 1.8556065846274086 1.195358268799088 1.2419161630521423 
3.1751971982607468 1.8557203164088296 1.1953638508033917 1.2418920734800278 
3.1751806345078384 1.8558383451308225 1.1951911863812352 1.2418414796405641 
3.17498756129154 1.8554324520583356 1.1953942876289103 1.2418734199537136 
3.17525042354067 1.8554128124210973 1.1954459920173215 1.2420226968811705 
3.1752329762824627 1.8555191955985284 1.1953822906083 1.241977392571019 
3.17556620425243 1.8558620772636805 1.1952368922593415 1.242042742876674 
3.17520413494562 1.8558156910127437 1.1952122228192903 1.242063289690511 
3.1753674000986876 1.8556588612237424 1.1953217573041386 1.2419529447117346 
3.175460192387647 1.855972912854231 1.1951579343579977 1.241989836241992 
3.1752897803087587 1.8556326249124542 1.1953262015457244 1.241980503488762 
3.175311467413521 1.8557009116165042 1.195239853434931 1.2419998206346603 
3.175282299179717 1.8556895888162859 1.195342804053765 1.2419225090958812 
3.175466802175559 1.8557604692437115 1.19527932478174 1.2419978437942043 
3.175300188190575 1.8555890284111354 1.1953520239562194 1.2419651686413768 
3.1751638752656914 1.8555587257901225 1.195348894592787 1.2419223777476223 
3.1752454139538147 1.8555471905041392 1.1954428865185238 1.2418816794636471 
3.1752949540485944 1.8556624813384128 1.1952906117058293 1.241970285341907 
3.175458545493095 1.8557412541046663 1.1953047039171891 1.2419830761478274 
3.1753848779362444 1.8556956220260301 1.1953157515860886 1.2419679015477763 
3.1753248496392024 1.8556742250200142 1.1953322806789517 1.2419377269038079 
3.175333794144631 1.855623944817439 1.1953368906301791 1.2419590566765557 
3.175331177073641 1.8556606712810777 1.195306184504984 1.241961615026821 
3.1752656376821893 1.8556087935069323 1.195335325948463 1.2419376612296784 
3.175314663708714 1.8556222410029863 1.195356942775882 1.2419320797340672 
3.175302481419765 1.8556581155593985 1.1953362627235382 1.2419211496130884 
3.175315520711208 1.8556777566520575 1.1953058705516637 1.2419426614950875 
3.1753148779593374 1.8556361199152542 1.1953441747198275 1.2419347251743222 
3.1753339012699433 1.8556308842735731 1.195330506602152 1.241960379396683 
3.175310336382309 1.8556513077379422 1.1953348236931918 1.2419309570589872 
3.175319233941857 1.8556604738290612 1.195317919092545 1.2419449197777819 
3.1753952723488386 1.8557136403984478 1.1953180644359502 1.2419456129964772 
3.1752980463488516 1.8556350052298112 1.1953310105703348 1.2419396491713781 
3.1753461248689447 1.8556665431218784 1.195327018991545 1.2419453358077712 
3.175338868240498 1.8556550844808424 1.195328290498665 1.2419419508853609 
3.175343317020272 1.8556596675264019 1.1953198381983419 1.241948932244758 
3.1753165188904386 1.8556338273653372 1.1953285416263006 1.2419453029707066 
3.1753369272560032 1.8556371771762832 1.195322194822178 1.241949229598509 
