3.1720785799846443 1.237314527637491 1.479012615677024 1.951027992732511 
3.3306825089838767 1.237314527637491 1.479012615677024 1.951027992732511 
3.1720785799846443 1.2991802540193658 1.479012615677024 1.951027992732511 
3.1720785799846443 1.237314527637491 1.5529632464608754 1.951027992732511 
3.1720785799846443 1.237314527637491 1.479012615677024 2.0485793923691364 
3.013474650985412 1.2682473908284284 1.5159879310689495 1.999803692550824 
3.092776615485028 1.260514175030694 1.506744102220968 1.9876097675962456 
3.1324275977348366 1.27984721452503 1.529853674340922 2.018094579982691 
3.1621658344221926 1.2479476993593757 1.4917228803429985 1.967794639545056 
3.1274712249536103 1.285163800385972 1.425282860498132 2.0264779033889635 
3.160926741226886 1.2492768458246113 1.5210431499701895 1.9698904703966242 
3.1274712249536103 1.2542309371950349 1.4992334912819834 1.9777022035706509 
3.1671222072034184 1.2426311134984334 1.4853677480100114 2.0081870159570965 
3.1671222072034184 1.2735639766893707 1.4853677480100114 1.9594113161387834 
3.1671222072034184 1.2426311134984334 1.5223430634019368 1.9594113161387834 
3.144818529687901 1.2201564550862678 1.5139658435084535 1.99713627146701 
3.161546287824539 1.260212096288595 1.4925172718846218 1.96884255497084 
3.201507043373174 1.2424800741273836 1.4967419905378008 1.9744155597352373 
3.187412358276563 1.227632903953218 1.505570569261752 1.9860617107172467 
3.168012805437545 1.2520672982047507 1.4957805962289044 1.9731473439074416 
3.1822817380147472 1.2499319790965384 1.4624635441579206 2.0023609634336323 
3.1382842491657783 1.2538089709521654 1.470925393832117 2.0013294216863757 
3.1569142089655227 1.2450925832485058 1.4594591869426194 2.0166886764036387 
3.1652381563195395 1.2503236194656895 1.4867002439073331 1.9840326770314909 
3.134123485540718 1.2474237225412936 1.5048945888883098 1.9783109136763772 
3.1702421748962397 1.2493049149577273 1.4730713053405178 1.9963484509943186 
3.166180181761479 1.2464773664820614 1.4860339959586724 1.9961098464942937 
3.1517612027426587 1.2520662952089274 1.478812818869725 1.9926810493589333 
3.1637019953708663 1.2491356594125325 1.4892115621251658 1.9759136582882735 
3.1737599471671434 1.250127799281114 1.4745818940326267 1.9931968202325616 
3.1610504690386247 1.2543493202020704 1.4786192635087527 1.976802255961336 
3.162332897219338 1.2523813317720682 1.4804729466212325 1.9816291535945751 
3.1628441063534734 1.2533138634513672 1.471072389590293 1.999856191820507 
3.163487523116518 1.2501802104222413 1.4846767689914477 1.9818992916713318 
3.1637855267694386 1.2513524756188787 1.4835865952642828 1.982830915313033 
3.1694990517433412 1.2502257093734017 1.4806410689699798 1.9886147486320263 
3.158499679531099 1.2511949573373085 1.482756531388529 1.9883568631952122 
3.1644700758452027 1.2497296394391109 1.4879559030162495 1.9799731676598822 
3.1564976674892984 1.251074636557092 1.4898585678182177 1.9789820629677832 
3.158567262823131 1.249808950780722 1.4900490278008818 1.982841470114151 
3.154931307236332 1.2514714426312952 1.486726282441231 1.9871333689944364 
3.162085383692985 1.2501650902371568 1.4876484978724949 1.9817632179935207 
3.1619027095713355 1.2500662851232058 1.4883746358541075 1.983437073572821 
3.160867911904419 1.2506991280113908 1.4882794058627753 1.981507369999637 
3.161868917925319 1.250759288401499 1.4847283876479311 1.9861947701133515 
3.1648541160823713 1.2500266294524 1.4873280734617913 1.9820029223456865 
3.164562529013513 1.2497985426248444 1.4906127918950727 1.979295251361466 
3.16741084358896 1.2494084103216792 1.488228466696377 1.9828765921560947 
3.1657751106678247 1.249731089744107 1.4882412014879767 1.9825342866169802 
3.1643225173070233 1.2502752692678567 1.4847092854605317 1.9867082284220237 
3.1645025260868906 1.2499177242855974 1.4891369152864375 1.9811484956266052 
3.163855135240424 1.2499927298568996 1.488898424806136 1.9835733440782621 
3.1619741529412697 1.2504190896215892 1.4883139084390302 1.9835615085376093 
3.1629243923729087 1.2502470896522186 1.4882957317012666 1.9833047030574518 
3.1648248712361857 1.2499030897134775 1.4882593782257403 1.9827910920971377 
3.163399512088728 1.2501610896675333 1.4882866433323851 1.9831763003173732 
3.164870341203215 1.2501206718756435 1.4879185795968852 1.982590586329048 
3.1635704329454377 1.2501949522944478 1.4875374398807204 1.983734875302156 
3.164546645779982 1.2501581746612946 1.4877993343567346 1.9838030105548765 
3.1640812743462243 1.250285354558954 1.4874979878043 1.9836686900444713 
3.1657977758790423 1.2502489579863432 1.4874206329519057 1.983312606677787 
3.165447128094028 1.2503311272820206 1.486969387773477 1.982999269486522 
3.1665954264016882 1.2502268337458946 1.4870064343105005 1.9827988797179523 
3.1647098123600905 1.2502707243556892 1.4873750994308501 1.9834512374628415 
3.165726095123135 1.2504665426692276 1.4863141024348976 1.9843073090002723 
3.165084279683195 1.2502071395740395 1.4875174603063883 1.9830197669968541 
3.1655179660992907 1.2502862887260164 1.4870604384296193 1.983672641854639 
3.164973984339815 1.2502971719106895 1.4870376716690916 1.9837419572471662 
3.1653426422067836 1.250327373373855 1.486834815840405 1.9835159732590064 
3.1650542487613773 1.2502221456706666 1.487309411752109 1.9833116316802695 
3.16560252235368 1.2502825417074241 1.4869147832956415 1.983524504665537 
3.165131118843281 1.250293514359873 1.4870069495757292 1.9836875941017589 
3.165146202540458 1.250272882568178 1.487004827829721 1.9836721543558802 
3.165378061209415 1.2503049540958528 1.4868803411684763 1.983852659443065 
3.165290399263162 1.250325496419772 1.4867675298738692 1.9837743251452487 
3.165106070329677 1.2503103956881896 1.4868689577882124 1.9838873171393285 
3.1654203393366096 1.2503030805865567 1.4868075136014876 1.983778590848514 
3.165169487520469 1.2503075854242454 1.4867597164377289 1.983776214247502 
3.165001783485204 1.2503117113523858 1.4868086454228384 1.983849094541547 
3.1652037107537287 1.2503613237628683 1.4865132399911638 1.9840440011270142 
3.165160579593776 1.2502949928668505 1.4868819308700818 1.9837651160486636 
3.1651759718103714 1.2503203246281034 1.4868194585993324 1.9839343921359733 
3.1651711085929444 1.2503107702252099 1.4867746519781297 1.98381575871962 
3.1651993679566575 1.25030930616627 1.4867910873887076 1.9838988965400772 
3.1652642777913504 1.2503245579427307 1.486733886890601 1.9839035010883697 
3.1651199699023715 1.2503176654090375 1.4867544446650858 1.9839408857865188 
3.165203821920004 1.2503156024449673 1.486729980172531 1.9839044456394963 
3.165207064064955 1.2503219720468968 1.4867598512533324 1.9839835345837318 
3.1653344631638793 1.250322062401756 1.486738090054901 1.9839684188353162 
3.1652808398485024 1.2503209631535763 1.486742178707447 1.983961535573117 
3.1652187621380987 1.2503164628159797 1.4867456656480202 1.983965786785784 
3.165251217055445 1.2503240887042102 1.4867170653989672 1.9839680890599303 
3.165222610192247 1.250322795756293 1.4867300475803327 1.9840081058076113 
3.1651790631109558 1.2503206424373636 1.4867273442862095 1.9839867814090049 
3.165178078824976 1.2503176715334527 1.4867345853119804 1.9840285864570155 
3.1651901920857606 1.2503259017804196 1.4867004448949075 1.9840622885667774 
3.165235455600306 1.2503243518305638 1.4867053165610677 1.9840790475224428 
3.1651931612332933 1.2503215697856636 1.486721837354924 1.9840098479373642 
3.165243981090444 1.25032927186058 1.4866917015567678 1.984027873214606 
3.165194554391343 1.2503205716152346 1.4867238643731773 1.984028408146413 
