3.115488500151267 1.511873859603878 1.215899354253367 1.878673107738638 
3.2712629251588305 1.511873859603878 1.215899354253367 1.878673107738638 
3.115488500151267 1.587467552584072 1.215899354253367 1.878673107738638 
3.115488500151267 1.511873859603878 1.2766943219660354 1.878673107738638 
3.115488500151267 1.511873859603878 1.215899354253367 1.97260676312557 
3.1933757126550493 1.4362801666236842 1.2462968381097013 1.925639935432104 
2.9986576813955947 1.4740770131137808 1.261495580037868 1.9491233492788367 
3.0668089923364037 1.483526224736305 1.2500965235917427 1.9315107888937872 
3.013261533740053 1.5732937351502856 1.232997938922555 1.9050919483162123 
3.1483471679263 1.4705335587553345 1.2429721133129146 1.9205029386531312 
3.1075780801313515 1.47702989174582 1.18573935073966 1.9729736914669256 
3.10955568513633 1.4857408837103345 1.2084780935462538 1.9493985455348535 
3.091148746243835 1.4977000421700915 1.232997938922555 1.9520587760096786 
3.107578080131352 1.4770298917458198 1.2465343184523285 1.926006863773459 
3.091148746243835 1.4977000421700915 1.232997938922555 1.9050919483162128 
3.091148746243835 1.4977000421700915 1.263395422778889 1.9050919483162128 
3.087193536233878 1.4802780582410628 1.2635141629502025 1.952242240180356 
3.0605719303976238 1.5025722919129554 1.258467705669366 1.9444450129265585 
3.0617128563620346 1.4843382663601155 1.2847389685725452 1.9145862191487788 
3.0837897737733853 1.4943595982175975 1.2459331963350526 1.9426906367944536 
3.078978869290119 1.4906131334531982 1.256745973185316 1.918301368605 
3.0770012642851405 1.481902141488684 1.2568053432709725 1.9418765145370718 
3.0636904613670137 1.4930492583246302 1.2542821146305543 1.9379779009101727 
3.078978869290119 1.4906131334531982 1.2415472312571487 1.941784782451733 
3.0642609243492194 1.4839322455482107 1.267417746082144 1.923048504021283 
3.0569019518787695 1.4805918015957167 1.2575548906023908 1.9489054855761574 
3.0488299006805626 1.4886476236137474 1.2578702941824433 1.9288448251636283 
3.069958423383996 1.4835885120199497 1.2570715809988402 1.938618592193711 
3.0652497268517087 1.4882877415304676 1.2521893191111486 1.93474434490198 
3.0655349583428118 1.483729235142258 1.2587571348369435 1.927279646457535 
3.0618554721075864 1.482059013166011 1.2538257070970666 1.9402081372349724 
3.071905128310772 1.4827141831124946 1.2534509334313575 1.9366936517154296 
3.067802548697078 1.4777265865480669 1.2558758303674065 1.933101767248882 
3.0686511123831073 1.4792837686391809 1.2478673624068435 1.9434775260890005 
3.0606539344513157 1.4785836134322872 1.2503817783001723 1.9374554580178915 
3.0611822069421293 1.483999723438825 1.245209855330506 1.9432241878689438 
3.062837292380866 1.4824314392161355 1.247876349089731 1.9406935827139282 
3.06373146339386 1.481054919084296 1.2502391509459576 1.9344831234558395 
3.064332232221995 1.482792618951158 1.2519611153444048 1.93585946306438 
3.0677300523597557 1.481404996687743 1.248981942999293 1.9374941574913938 
3.067305770516741 1.480626405642186 1.2529861769795745 1.9323062780713345 
3.0633591768747443 1.4825950875192295 1.253659540431547 1.929585669251277 
3.061810161896761 1.4843580195033081 1.2499919881772512 1.9334132442613075 
3.0649822480497653 1.483270803618304 1.2474848485981314 1.9380476405863805 
3.0643342006164005 1.4833123645199484 1.2469451403121368 1.9328679355342775 
3.0643327243205962 1.4829225553433556 1.2507071215863377 1.9351115811818542 
3.0643095771165823 1.4839421221198066 1.250044255884497 1.9324620165775475 
3.0658956201930847 1.4833985141773045 1.248790686094937 1.9347792147400837 
3.065270227865132 1.4822905719103006 1.25016783726885 1.9329969561748133 
3.065570612279199 1.4831594218437316 1.2510288194680736 1.9336851259790837 
3.065084084605574 1.4830606561277673 1.251878032011645 1.930548229072532 
3.0651658286826464 1.4832503656033582 1.250064504910294 1.930073869380256 
3.0656932283948075 1.4834439860571176 1.2483085288160471 1.9329735864406699 
3.065718585400088 1.4847907773479931 1.2490890693324408 1.9305131744713169 
3.065606496016349 1.48416572598857 1.249358761316543 1.931134119897191 
3.0660433182494247 1.4842886638475417 1.2488395298941208 1.9339663865243417 
3.0664820630328133 1.484807812969633 1.2482270423860342 1.9359126450963844 
3.0658210620322595 1.4834347723918158 1.2492856577766607 1.9343222693209823 
3.065660137520327 1.4839829875893815 1.2493404854315724 1.9319311572531388 
3.0664261552929144 1.4839074442919233 1.2494680267429317 1.9327385877090646 
3.0651764476830037 1.4841153929836741 1.249441892889309 1.9332142015509446 
3.065868273322116 1.4838663249523296 1.248574029355084 1.9334699864825058 
3.065824907132887 1.4842271949180559 1.249099145605332 1.9325502532107663 
3.065030317900802 1.4843413440588773 1.2485092721289917 1.9338618261752147 
3.065234271444787 1.4840786680031555 1.248583216528421 1.9347059471557373 
3.0653819303668124 1.4841157997318808 1.2487121987976486 1.9341670236694948 
3.065609882966214 1.4842020284156079 1.249140711391715 1.9335902940376433 
3.0659557957857704 1.4840774943999357 1.2487067796246025 1.9337181865034236 
3.0655368180751132 1.4843150039532094 1.2486744010115562 1.9339141063497782 
3.065934112691156 1.4842579293827987 1.2489693377497264 1.9332583198675541 
3.066234736771169 1.4840980540697326 1.2491537783185263 1.933352487116703 
3.065955229553211 1.484345843457905 1.249344899052442 1.9333655572696973 
3.0655365349588335 1.484449178482194 1.248993460725476 1.9337377917329153 
3.0657110854119174 1.4843613973790786 1.2490335401237387 1.9336414655788623 
3.0659992739013178 1.4843172536527234 1.2490922144732814 1.9336659718970195 
3.0658266006078194 1.4842453461315748 1.248990120642918 1.9337783402809925 
3.06598871547029 1.4842732966151702 1.2489044338219237 1.933612353195948 
3.066139027510297 1.4841933589586371 1.2489966541063235 1.9336594368205224 
3.066015394664139 1.4842490146800684 1.2490548257363985 1.93392271456549 
3.0660128966145215 1.4841709381561874 1.248848350716599 1.933997467198654 
3.0660026795796185 1.4842806747785895 1.2490312485341108 1.9337488457224281 
3.0660094909362208 1.4842075170303213 1.2489093166557697 1.9339145933732453 
3.066004382418769 1.4842623853415224 1.2490007655645257 1.9337902826351323 
3.0659912697290164 1.4842458624595696 1.2488587093675454 1.9336745085650044 
3.066009363430358 1.4842482266249437 1.2490057966441852 1.9338606630653685 
3.066023850334097 1.484275524594532 1.2489201477293232 1.933878334579737 
3.0660911728798608 1.4842410114030895 1.2489180920002223 1.933812911672432 
3.0659349594286223 1.484267004989558 1.2489148252685194 1.933872363402667 
3.0660293564567818 1.484268839263805 1.2489471778152597 1.9339445505449158 
3.0661588895314598 1.4842700145649257 1.2488976484509435 1.9339287282580462 
3.0659909419543316 1.4842677573834 1.2489105310641255 1.9338864546165118 
3.0661029070057504 1.4842692621710838 1.2489019426553374 1.9339146370442015 
3.0660189332171863 1.484268133580321 1.2489083839619286 1.933893500223434 
3.066036337353103 1.4842787515556735 1.2488933538546902 1.9339554685346287 
3.0660672455646427 1.4842648376253156 1.2488788109471716 1.9338896490983868 
3.0660335842917608 1.4842820942210369 1.248879838811722 1.9339223605520393 
3.066017130101878 1.4842782106154708 1.2488750304791232 1.9339264205704267 
3.0660731126275884 1.4842789630093127 1.2488707362747293 1.9339405117842718 
3.0660311257333057 1.4842783987139314 1.2488739569280247 1.933929943373888 
3.0660384512705927 1.4842853790342891 1.2488596843529214 1.9339443735381905 
