2.356194490192345 1.5707963267948966 1.5707963267948966 1.5707963267948966 
2.4740042147019623 1.5707963267948966 1.5707963267948966 1.5707963267948966 
2.356194490192345 1.6493361431346414 1.5707963267948966 1.5707963267948966 
2.356194490192345 1.5707963267948966 1.6493361431346414 1.5707963267948966 
2.356194490192345 1.5707963267948966 1.5707963267948966 1.6493361431346414 
2.415099352447154 1.6100662349647692 1.4922565104551517 1.6100662349647692 
2.444551783574558 1.511891464540088 1.531526418625024 1.6297011890497055 
2.4887304302656643 1.5609788497524288 1.5118914645400876 1.6591536201771095 
2.554998400302324 1.556070111231195 1.4824390334126836 1.703332266868216 
2.5881323853206544 1.553615741970578 1.467712817848981 1.6076118657041523 
2.704101332884809 1.5450254495584188 1.416171063376023 1.5867497269889075 
2.673728513284672 1.4818254410975298 1.5082099106491618 1.6352235198860936 
2.758864447012326 1.564967199800932 1.4572817484913587 1.618349731219351 
2.91602077873121 1.5915050674313536 1.4201594134245266 1.612674002304174 
2.9504202978995457 1.516416707864352 1.342693383636301 1.6981934312287992 
3.1886283394983375 1.48922689839908 1.2286419120570038 1.76189198344575 
3.1862410818971902 1.497721317011996 1.3041521163406742 1.5949373494442467 
3.323767253221101 1.5799139251028946 1.176352341949952 1.6429030112054455 
3.60322739378911 1.5341581544142433 1.1484818285100555 1.7194534462109003 
2.9288828481108844 1.542308625772375 1.349248754659531 1.6199256567944058 
3.3977389826325473 1.463080315711819 1.109038149079054 1.6971549981407499 
3.036450329706544 1.55939887950147 1.3423790973381584 1.633794251263318 
3.438660654050702 1.5208218842353456 1.1765139791833632 1.696837640884974 
3.056327299595839 1.5369369403881177 1.3060650607904891 1.6391536528170478 
2.9100562721278536 1.4617280925474367 1.4142667513132108 1.6719856072797357 
3.2203395079477892 1.5503674669640302 1.2358309442907667 1.650173660224018 
3.064631656477064 1.5702437756143524 1.2523063908975347 1.7475694244308202 
3.0038269437670007 1.6065050049155305 1.226383528175965 1.8238854619241067 
2.952679304691103 1.5275357799874798 1.3288652862508263 1.74103099575445 
3.1534244571336174 1.5446595452198926 1.2590895297807816 1.6728879941066261 
3.195055546645885 1.5111347003092515 1.1806723494247462 1.7769572761368042 
3.098896963974946 1.509111612135508 1.2247533268041055 1.7898981743085849 
3.071633217395611 1.4913376455933154 1.2075852253157673 1.8484032644095647 
3.0188273938485297 1.5744866158245348 1.253256651901434 1.7148972804008786 
3.061277630260981 1.553171686468171 1.2471029669403264 1.7266459561620966 
3.081764310226005 1.5396776938749301 1.23852985885082 1.7687337993697025 
3.1469762553104155 1.5101231562223796 1.2027128381144259 1.7834277252226944 
3.0776121317853926 1.523024276261813 1.2654091937972973 1.7145259135628164 
3.1437626517366417 1.499169255267294 1.2266976194305546 1.7758950788771675 
3.1580879588386113 1.5060165824882428 1.1809376278026558 1.8444514753262584 
3.1379690020753066 1.5102685059316352 1.2020555193013163 1.811970084885398 
3.0890406140566946 1.5354212288149325 1.2073281521047794 1.8011198130160226 
3.130082142316655 1.5082322486542035 1.2218552525991107 1.7822012624118813 
3.090890833838704 1.5233038495118754 1.2418701188829147 1.7501603957710339 
3.126199460016156 1.5135273418266952 1.2120091691967159 1.796517662606807 
3.071495182956465 1.5251512920232888 1.2458609656109503 1.7852477241257936 
3.128105987221928 1.5138801901726069 1.2134998699885569 1.7838827249484692 
3.1598779665388377 1.4826980025195766 1.1975289504434246 1.8075161127681687 
3.1264580465592795 1.5013763246729899 1.2020404056172906 1.8067060749041337 
3.1276102313226817 1.4894764504047782 1.2046660560422113 1.8164362873453774 
3.1279820482471163 1.5077792552306497 1.2112914165019704 1.7920211155476964 
3.143038713277497 1.498112672173136 1.2047690598200702 1.8020168876874878 
3.1263287532877175 1.5074518332498426 1.2070247874070033 1.8016118687554703 
3.112548211995551 1.5113194769811016 1.2183812480004108 1.793207918457696 
3.1271527236190417 1.513703765999651 1.2127545195926364 1.790200193777638 
3.1269048456694195 1.5015018961157371 1.2083376126194634 1.8064769749760927 
3.127090754131636 1.5106532985286725 1.2116502928493431 1.7942693890772516 
3.148780628360952 1.5035530959080714 1.1993454066361555 1.8039999856058127 
3.1462260246054026 1.5054713709684449 1.206862176844139 1.7967900937332095 
3.131303071117139 1.5069567176794931 1.2069841347662873 1.8004064249999052 
3.1150353709102614 1.5110719191959268 1.2183609216800524 1.7926051965799128 
3.1403443139982796 1.5054328017300351 1.2040992853971297 1.8011512883493377 
3.128751265566647 1.510242029753094 1.2094966519815016 1.798462043803356 
3.1346190866468264 1.5058200069999157 1.208389114508393 1.7992672751471472 
3.1266451070738963 1.5120903201776839 1.2118297310230295 1.7953935258420293 
3.137490044188554 1.5085402188673833 1.2056772879164357 1.8002588241063098 
3.1368848211351947 1.5069744785458605 1.2059563807784937 1.801859376989781 
3.13432489261987 1.5082534389538163 1.2074247183396276 1.800242914202843 
3.129205035589221 1.5108113597697281 1.2103613934618955 1.7970099886289672 
3.130484999846883 1.5101718795657502 1.2096272246813284 1.7978182200224362 
3.1318447521023547 1.5110337803470393 1.2088432285565758 1.7983882433565583 
3.13605456541769 1.5071801129336495 1.2070332012124143 1.7997630496267285 
3.1331206548776005 1.5093911243102387 1.2075869699489687 1.799360433954833 
3.135907468404212 1.5083968289105998 1.2065510031280318 1.8002508691545764 
3.1375277601788043 1.5081843462190976 1.20646539045776 1.7999700591672534 
3.1364259838535027 1.5084860407418827 1.2067457853305623 1.7998176528641485 
3.1339496587600224 1.5091069466403444 1.207938214884495 1.7990756464916435 
3.136772304803122 1.5078601659005164 1.206355244564425 1.8000109368665191 
3.135981016910951 1.5077884709221245 1.206792102170223 1.8000069593906525 
3.134587610147645 1.5082856186219442 1.2073100855806915 1.7995617417907808 
3.1347010526532886 1.508427951126103 1.20752627095079 1.7991987279971835 
3.1350210437177046 1.5082680810751083 1.2073427287556482 1.7994007858455505 
3.136311176201625 1.5079220346528652 1.2070246091277999 1.7995634676244403 
3.13501850166114 1.5081947226296744 1.2072387164674687 1.7995621732491958 
3.136413435110406 1.507520139417083 1.2066942228884197 1.799886993246624 
3.1350021120888565 1.508143529786997 1.2074857080484547 1.799419348059186 
3.135537804567697 1.5077240970043788 1.2071879649840311 1.7995819177361394 
3.1353210877826676 1.5077328657777969 1.207171643396553 1.7996623957087547 
3.136182870809657 1.5075510737932571 1.2070289051701069 1.7996632586255843 
3.137092225863869 1.5068441817871872 1.2064864390790309 1.8000282615583523 
3.1355246405326094 1.5078186927870445 1.2072358908060987 1.7995715764339777 
3.136549951367484 1.5073109124611381 1.2068081450544885 1.7998605212303174 
3.135790841267644 1.5076208008685685 1.2070930100016455 1.799651568609684 
3.136296914667537 1.5074142085969484 1.2069031000368742 1.7997908703567729 
3.1359173596176175 1.5075691528006634 1.2070455325104525 1.7996863940464563 
3.1357896029751497 1.507499402860347 1.2071345460092564 1.799667313030353 
3.1361187181136736 1.5073655933634533 1.2070310531912605 1.7997131541261564 
3.1362340002640483 1.5073501261753663 1.206863712050417 1.7998250214366762 
3.135922703342667 1.507400456901109 1.20706310560703 1.7997073091182063 
3.136175740042614 1.5072971607652987 1.2069681506246441 1.7997769599917506 
