2.9927667689442536 1.6121723226101228 1.8374307008574862 0.9837665246881628 
3.1424051073914665 1.6121723226101228 1.8374307008574862 0.9837665246881628 
2.9927667689442536 1.692780938740629 1.8374307008574862 0.9837665246881628 
2.9927667689442536 1.6121723226101228 1.9293022359003607 0.9837665246881628 
2.9927667689442536 1.6121723226101228 1.8374307008574862 1.032954850922571 
3.06758593816786 1.652476630675376 1.7455591658146117 1.0083606878053668 
3.1049955227796637 1.672628784708003 1.6536876307717372 1.020657769363969 
2.899242807414746 1.682704861724316 1.7455591658146115 1.0268063101432698 
2.960033382408926 1.6650717269457678 1.7685270495753302 1.0160463637794932 
3.0488811458619587 1.682704861724316 1.7455591658146117 1.0022121470260659 
3.0488811458619587 1.642400553659063 1.7455591658146117 1.0022121470260659 
3.0488811458619587 1.642400553659063 1.7455591658146117 1.0268063101432698 
3.123700315085565 1.642400553659063 1.7455591658146117 1.0022121470260659 
3.114347918932614 1.6776668232161596 1.6996233982931745 0.9868407950778137 
3.0652478391296225 1.651217121048337 1.7340752239342523 1.016814931376906 
3.1225312655664457 1.6820751069107964 1.6938814273529952 1.0187363503704374 
3.1593563254186883 1.701912383536663 1.668042558122187 1.0269984520426232 
3.0655401015094013 1.711831021849597 1.6551231235067825 1.0311295028787157 
3.064517183180172 1.7012039093714533 1.7477124049171793 1.017919747298186 
3.0948759378797908 1.6797725658738656 1.6771938243080977 1.0199732638475232 
3.1041187356403235 1.6923086226304895 1.7068008619683992 1.0146052995343444 
3.1124482134640448 1.70687170269313 1.6615828408144848 1.0290639774606696 
3.112302082274155 1.6765647522925 1.7010588910282196 1.0219066917097646 
3.132175924099176 1.687270584122333 1.660865094446962 1.023828110703296 
3.1415283202521267 1.672156468597863 1.7068008619683992 1.0146052995343444 
3.1685625903817494 1.6766434716441898 1.6615828408144848 1.0290639774606696 
3.188509497801715 1.6924267016580241 1.647586786647797 1.025341228160702 
3.1694576439198254 1.6884612143166429 1.6609548127429026 1.0244825940479676 
3.1732479216575924 1.7049873582120516 1.618921791094869 1.037581267592934 
3.165318021306226 1.6967796358085043 1.6408915588132515 1.0318372755782865 
3.164406984669257 1.695186798926653 1.6644986854325448 1.0257405230452954 
3.1508167840095007 1.687865899219488 1.6609099535949323 1.0241553523756317 
3.1690101171507874 1.6825523429804163 1.6612688267786937 1.0267732857543186 
3.155492982085976 1.680308841457253 1.6838778373556509 1.019543946791156 
3.1783670799034214 1.6853886996209944 1.6743901275599635 1.0241148224437375 
3.1717569268607484 1.673168750261 1.675747116786061 1.0217168014732945 
3.1888029018314157 1.684476662132274 1.6523026045781593 1.0289998050685034 
3.171146714977967 1.678940785224172 1.6507465528829444 1.0268714207283045 
3.1765619886720575 1.6837767210217889 1.6684792338907086 1.0248039720148792 
3.1545904364702935 1.67950285215765 1.6809223905210238 1.0198885215767264 
3.167173380810675 1.6799024258981246 1.681782950191654 1.0186726588021153 
3.1685509330657595 1.6818898637098434 1.6663973576319338 1.0247481290162677 
3.188573309788902 1.6841454224969872 1.654866870004779 1.027987226699478 
3.1630861547999456 1.6806634947424843 1.6744085103919626 1.0219131978574143 
3.1690042884927925 1.685175539013243 1.6636760851874182 1.0246153615321176 
3.1730098162959415 1.6861189676692159 1.6647170233168056 1.0246432830314234 
3.170607285390287 1.6808149822888214 1.6683509647644819 1.023099697760631 
3.1620240401950594 1.6839820332371465 1.6709386016319632 1.0221855578123469 
3.179015476854363 1.686303318406815 1.6579108413738408 1.0262349103737227 
3.174636327391174 1.6922145374141373 1.6552784165460017 1.0268883767319845 
3.1716145458905087 1.6836648710701505 1.665082827709862 1.0240468675034693 
3.1715361612828037 1.68568350373421 1.6590952601902063 1.0250465836972151 
3.1617908429386032 1.6851892456603081 1.6664936515413535 1.0228607930166618 
3.1642799224265037 1.6885898802920516 1.6600270771210783 1.0244557986435119 
3.1697808900245077 1.6848961233756259 1.663818890062666 1.02414910028848 
3.1661135782925047 1.6873586279865762 1.6612910147682742 1.0243535658585012 
3.168864062091507 1.6855117495283634 1.6631869212390682 1.0242002166809852 
3.169230966206309 1.686818376664943 1.6623154489651604 1.0245489777900425 
3.1656242434292143 1.6868252299884756 1.663724232142128 1.0236716935323147 
3.1704969026013146 1.6870723590254264 1.6600250364665543 1.0247645888725914 
3.1696192669721666 1.6866786688461344 1.6623868514027844 1.0243158471682237 
3.168368062254951 1.6877003594233968 1.6612300174120243 1.0240683840205063 
3.168583788242791 1.6874798637337831 1.661501375300308 1.0241885324628903 
3.1674620221244054 1.6882406646860295 1.6607158769231622 1.0242378572896582 
3.1690799557602265 1.6870691678061083 1.6619691077828789 1.0242963496985822 
3.173184901832864 1.6882160724525046 1.658500934004194 1.0251943390087008 
3.1675144080301267 1.6871729406044829 1.6624184076076445 1.024052354901411 
3.16997727326057 1.6877667866710346 1.6604899246047284 1.0246235914602795 
3.169020716081308 1.6879705390252129 1.6612280940216053 1.024335563255429 
3.169268799840026 1.6877651910613756 1.6614619602628906 1.024389471873275 
3.1675409436745197 1.6876432221525592 1.6623395224425153 1.0240771437901413 
3.1713212728763445 1.6883386433845737 1.6597278733735483 1.024838466528334 
3.1709917788670743 1.6881953786916006 1.6600891914704297 1.024831498699499 
3.1695134817777495 1.6880267489418097 1.6609433683838115 1.0244595471164466 
3.1693632218799257 1.688113202689009 1.6612083865028966 1.0244360329606212 
3.1697174585901977 1.6881140004938389 1.6607223686738155 1.0245530927541235 
3.170389458398085 1.6883999288506084 1.6603413430582254 1.0246605302881509 
3.1692391800005666 1.6882158766709279 1.6610914533822538 1.0244090786516984 
3.17022471139345 1.688328296504122 1.6605220021066662 1.0246570463737332 
3.1705314142708527 1.6885385173935967 1.6600618767879083 1.0247405987713665 
3.1705841554009084 1.6887499780386461 1.6602176486740354 1.0247172919864855 
3.170256624601385 1.688746522795625 1.6602658385248699 1.0246434611732518 
3.1702326896954336 1.6884328530769976 1.6604579612112171 1.024653650073613 
3.1702486462994015 1.6886419662227494 1.660329879420319 1.024646857473372 
3.1702366788464253 1.6884851313634357 1.6604259407634925 1.0246519519235529 
3.1700208996603667 1.6886055961776445 1.6605862307084691 1.0245999430172266 
3.169923551158955 1.6884305715836256 1.660648077900564 1.0245715621680591 
3.169994529095339 1.6884998658551198 1.6605083447654054 1.0246115964096671 
3.1698451668076295 1.6884470336968203 1.66070638697706 1.0245681220607903 
3.1696291016780496 1.6884723420322465 1.6609394093990926 1.024499514237355 
3.1699031722410167 1.6884929848994015 1.660616110923827 1.024583575866589 
3.169720458532372 1.6884792229879648 1.660831643240671 1.024527534780433 
3.1698574938138555 1.6884895444215422 1.660669994003038 1.02456956559505 
3.1696670509418836 1.6885711227226996 1.6608106343151712 1.024538550192458 
3.1698594261046873 1.6884657093683941 1.6606887170042157 1.0245633091741588 
3.1696575688668407 1.6884753793690925 1.6608124033729703 1.0245260798215088 
3.1696514053637275 1.6884541240067317 1.6608305998599813 1.024525358054379 
3.169739271790096 1.6885334052471437 1.6607705217256858 1.0245412685325972 
3.1696905975393905 1.6884458929501343 1.6608014453217332 1.0245270781080134 
3.1696211356943484 1.6885038219347748 1.660838991721665 1.0245131522006645 
