2.356194490192345 1.5707963267948966 1.5707963267948966 1.5707963267948966 
2.4740042147019623 1.5707963267948966 1.5707963267948966 1.5707963267948966 
2.356194490192345 1.6493361431346414 1.5707963267948966 1.5707963267948966 
2.356194490192345 1.5707963267948966 1.6493361431346414 1.5707963267948966 
2.356194490192345 1.5707963267948966 1.5707963267948966 1.6493361431346414 
2.415099352447154 1.4922565104551517 1.6100662349647692 1.6100662349647692 
2.444551783574558 1.531526418625024 1.6297011890497055 1.6297011890497055 
2.4887304302656643 1.5118914645400876 1.5413438956674925 1.6591536201771095 
2.554998400302324 1.4824390334126836 1.4873477719339183 1.703332266868216 
2.5881323853206544 1.467712817848981 1.5781594345767482 1.6076118657041523 
2.704101332884809 1.416171063376023 1.5818409884676736 1.5867497269889075 
2.673728513284672 1.5082099106491618 1.5247769031583278 1.6352235198860936 
2.758864447012326 1.4572817484913587 1.4526798061277026 1.618349731219351 
2.91602077873121 1.4201594134245266 1.3641691146667014 1.612674002304174 
2.9504202978995457 1.342693383636301 1.408271062318414 1.6981934312287992 
3.1886283394983375 1.2286419120570038 1.3270084300801726 1.76189198344575 
3.1862410818971902 1.3041521163406742 1.4115499462525194 1.5949373494442467 
3.323767253221101 1.176352341949952 1.317507336575206 1.6429030112054455 
3.60322739378911 1.1484818285100555 1.1282764253196262 1.7194534462109003 
2.9288828481108844 1.349248754659531 1.4684498476806618 1.6199256567944058 
3.3977389826325473 1.109038149079054 1.3980886656275784 1.6971549981407499 
3.2773094316572133 1.186818465165422 1.389608777887359 1.6760347491816057 
3.5590902050260365 1.0987336630969948 1.2543873977169668 1.7179578898441186 
3.0864346873396724 1.286619981768897 1.414934235189738 1.644433715056834 
3.045539516975106 1.3267638957160468 1.454043358129688 1.6957458873587727 
3.112714905837975 1.210270011013011 1.3812474543909592 1.794115818077234 
2.9393492931683327 1.339329435112057 1.3990079610079196 1.7720589527876895 
3.1928193970349934 1.224946207652081 1.391958573667499 1.7000408000831266 
3.143996064586079 1.3232159875840033 1.4127248441425895 1.6069403748950077 
3.120535195525001 1.238506505155759 1.3891168018288669 1.7473219572816774 
3.0340360589390487 1.309776383089388 1.4980180543277237 1.6318791964444554 
3.1499802693585153 1.2489255298150999 1.3697608361420603 1.7293887866954263 
3.2293452576539847 1.1727352164798717 1.328841865284394 1.714846742199759 
3.0914909521448255 1.288256725907003 1.4227429849183646 1.7005211010690193 
3.0314011551490134 1.3062081636712985 1.4063188553720156 1.710791979968352 
3.1524648365634986 1.2452616966568852 1.3955486440936282 1.7027285950544329 
3.170800939456248 1.2238552469984765 1.3736503983017223 1.7955465049934438 
3.2053996683068062 1.1900177634061073 1.3412953552647742 1.7869718209434706 
3.1199681311853205 1.2636969852817792 1.402381077504967 1.7221337810376323 
3.135257732441758 1.2437160174854296 1.3794388189854636 1.7383553719885518 
3.151222552961007 1.2470936132359927 1.3826547401178444 1.7160586908749296 
3.1603906044073815 1.2363903884067882 1.3717056172218913 1.762467645844435 
3.1207356107516704 1.2685911278610513 1.3962519105302125 1.7149549438822227 
3.1319595555186557 1.251717918548192 1.3759238513219696 1.756524683330388 
3.146406803600419 1.2482496895640425 1.3809720179188756 1.7261751889887942 
3.175282094152366 1.2200496847746285 1.3546867346039329 1.7632385528763805 
3.1343722316018443 1.2564557670894456 1.3858606165486425 1.7270258461307622 
3.148193536479467 1.2485876096895712 1.375366427030468 1.7277819878421101 
3.1551854368829484 1.242657959110944 1.3707332266819758 1.7459282162699306 
3.1426190009001367 1.2463207736502646 1.3745998275637619 1.733872079341989 
3.135357940055093 1.2587583288380757 1.3830063733361364 1.7221718652888245 
3.132889936513657 1.2586381618855618 1.3806335053542371 1.7106791433142443 
3.1322300369342333 1.25773378740493 1.3786338441676298 1.7202739494781318 
3.144202661593159 1.250874154118411 1.3761832813147583 1.7259049782511156 
3.1362209118205415 1.2554472429760901 1.3778169898833394 1.7221509590691264 
3.1454971192413317 1.2459075253254324 1.3683992061355628 1.7258736189215687 
3.150566708834451 1.2394821235691107 1.361095622535276 1.7277244957379407 
3.1396751175668864 1.258138456350827 1.3737054411938376 1.7101741746581938 
3.1478003095196536 1.25035759371237 1.3684325045295092 1.7159069027255898 
3.1391157612453195 1.2541748306601601 1.3754708685448818 1.7205899449832422 
3.1449054600948756 1.2516300060283 1.3707786258679668 1.717467916811474 
3.1405631859577086 1.253538624502195 1.374297807875653 1.7198094379403002 
3.154967909548564 1.2446169061112156 1.3624481403193194 1.7319438657934998 
3.1384094297723837 1.2551328479419752 1.3760871640955077 1.7159953239340582 
3.1477386942999237 1.247416527570266 1.3690800211388114 1.7276312028084975 
3.1425861184041093 1.2520229908381297 1.3710523236647 1.718023896789881 
3.14303015259952 1.2497230749138137 1.371348507005608 1.7228415284309344 
3.1391935278774943 1.252272843605497 1.3745163557449 1.7182763811179065 
3.150232514394948 1.2452622157183235 1.3654236732274407 1.7289087423575342 
3.1499970705706364 1.245581554812262 1.3656291050776495 1.7273772020078062 
3.1482553410778573 1.24661693483765 1.3670589555596389 1.7262432836135884 
3.1466179067706275 1.2466620264478492 1.368739613637187 1.726752410865033 
3.1440416188227207 1.248965258081781 1.3697257649001315 1.7219487578557249 
3.1478648168181396 1.245584870521878 1.3669114396815019 1.7273911806395514 
3.144263635920426 1.247815300119623 1.3698738565705852 1.7243575736762515 
3.1423453235594137 1.2490901844654647 1.3714577809402315 1.7220750000197376 
3.1453203739231785 1.2457722600974037 1.3695094637416516 1.7275805438855707 
3.1420953195515473 1.2476306085561129 1.3708805400568282 1.7231909573865316 
3.1433654322173092 1.2463849891025838 1.3702496388665515 1.725002486430453 
3.1461688049190686 1.2459468709393293 1.3689275047851703 1.7270748672421332 
3.1433679660453837 1.2478925248190014 1.3700076016221066 1.7224324424213753 
3.14483227195373 1.246302326277803 1.3696339982117653 1.7262935185195218 
3.1458329620802 1.2459271981323807 1.3686633554603667 1.726474243081851 
3.1444312757293202 1.246146257214008 1.369324422501057 1.7254380526760107 
3.1439212214003724 1.2474988548954484 1.369928493537897 1.7239743094706532 
3.1454087465822553 1.245839892711418 1.368954334938607 1.7267270814035696 
3.1458987489227592 1.246440478318332 1.36864827253516 1.7260865737628102 
3.1473975670129004 1.244558692348333 1.3674040909969514 1.7286064491142463 
3.146904452046341 1.245577054350821 1.3676031276254133 1.7267933610366688 
3.146530525680319 1.2456427639409702 1.3679409294537117 1.726776791128394 
3.1468290183484555 1.245347531834153 1.367532894100326 1.7271974733816584 
3.1449801390835326 1.247110457361111 1.3688565601154288 1.7243607794829692 
3.1467932100305585 1.2451966336015274 1.3677672082765708 1.727545031706427 
3.1455844960658745 1.2464725161079164 1.3684934428358093 1.7254221968907886 
3.1464910315393873 1.2455156042281246 1.3679487669163803 1.7270143230025172 
3.1458866745570457 1.2461535454813193 1.3683118841959998 1.7259529055946983 
3.146339942293802 1.2456750895414233 1.368039546236285 1.7267489686505626 
3.1460138224608256 1.2457751446332013 1.3681700677946371 1.7263252050249813 
3.146163068794894 1.2456275285797926 1.3679660501179445 1.7265355461516134 
3.1456979340820457 1.246174001821882 1.3685237393353615 1.7259800963421894 
