3.109741551778742 1.540003478650783 1.7882050971068852 0.9665382967746716 
3.2652286293676793 1.540003478650783 1.7882050971068852 0.9665382967746716 
3.109741551778742 1.6170036525833222 1.7882050971068852 0.9665382967746716 
3.109741551778742 1.540003478650783 1.8776153519622296 0.9665382967746716 
3.109741551778742 1.540003478650783 1.7882050971068852 1.0148652116134051 
2.9542544741898045 1.5785035656170523 1.8329102245345577 0.9907017541940382 
2.7987673966008675 1.5977536091001872 1.8552627882483934 1.0027834829037214 
3.0319980129842725 1.4822533482013787 1.8552627882483939 1.0027834829037217 
3.0903056670801243 1.5833160764878365 1.8049695198922624 0.9755995933069341 
3.031998012984273 1.5592535221339177 1.8105576608207214 0.9786200254843549 
3.031998012984273 1.5592535221339177 1.8552627882483936 0.9786200254843549 
3.031998012984273 1.5592535221339177 1.8105576608207214 1.0027834829037217 
3.031998012984273 1.5977536091001872 1.8105576608207214 0.9786200254843549 
2.9931262435870387 1.5881285873586195 1.7770288152499674 0.9967426185488799 
2.9736903588884216 1.6025661199709706 1.8049695198922624 0.9695587289520924 
3.01742109946031 1.570081671593181 1.8091606255886066 0.9944772944158143 
3.024709556222291 1.5646675968635495 1.8545642706323362 0.9744669312404013 
3.004058928730011 1.5800074752641724 1.8451342828155615 0.9667270737857604 
3.014080556777735 1.5725631225109287 1.8181540398953453 0.9875397392583009 
2.9931262435870387 1.5688785438754849 1.8217339426776396 0.9846608898391965 
2.9894820152060477 1.571585581240301 1.843737247583447 0.9825843427172197 
2.9931262435870387 1.5881285873586197 1.8217339426776396 0.9846608898391965 
2.985837786825057 1.5742926186051167 1.8210354250615821 0.9925895243049263 
2.979156701459908 1.5792555204406122 1.83902225367506 0.9787144139898991 
2.9648834736343606 1.5898580834528078 1.8469678915577128 0.9836698105309801 
2.9507620886580215 1.571472788016767 1.8595848659977494 0.9831742708768719 
2.982535204854784 1.5839646375231564 1.831196673507667 0.9842892350986154 
2.971868244697926 1.5750445734286767 1.8383237360590023 0.986643048455629 
2.977182744420204 1.5807218323465544 1.84535256957058 0.9831270766240999 
2.9843193583329777 1.5754205508404566 1.8413797506292535 0.9806493783535595 
2.991304129396543 1.5798570842994604 1.8327355951305433 0.9836226162782081 
2.991304129396543 1.5702320625578934 1.8327355951305433 0.9836226162782081 
2.9877737831524582 1.5728545050050589 1.8358898387405524 0.983498731364681 
2.980713090664289 1.578099389899389 1.8421983259605708 0.983250961537627 
2.9823643816494245 1.5768727635934567 1.837117701737528 0.9874011061407826 
2.9828531258203133 1.5765097104052066 1.8381832139604595 0.9857131741939767 
2.971154108797744 1.5707625431873264 1.848485666651196 0.985473147174018 
2.986266624246843 1.5775834490214269 1.8366731130107063 0.9840852490021605 
2.9806751299519867 1.5733150773344888 1.8410304918212246 0.9846136955864244 
2.9861675705131807 1.5740476458227537 1.8409602307719533 0.9841487584555982 
2.9850975529351684 1.574842485569845 1.842967786772009 0.9829176521274234 
2.9903930723012957 1.5757213327698807 1.8382364213569953 0.9831034794977139 
2.9882613410510865 1.5724923330138671 1.8390144089948015 0.9843074860010546 
2.9898432351090456 1.5713172567358784 1.8370377201061978 0.9850024029378699 
2.9818999560598547 1.5699989859358245 1.844134768228718 0.9847236618824345 
2.984023235120215 1.5714295726443384 1.8426601815107875 0.9843186162862545 
2.988871678128567 1.572038957127084 1.8413758282891242 0.9834459143591372 
2.9844682355015366 1.5729037051741779 1.840022450408013 0.9844605907937395 
2.9872144557821336 1.5732699894183104 1.8399873198833774 0.9842281222283265 
2.989327206676191 1.574106832891874 1.8386254151758985 0.9837054827493843 
2.9857639413769066 1.5743474731220306 1.8374489689419207 0.984904926527115 
2.9835267801796403 1.572399917472319 1.8396111589381574 0.9852450800257335 
2.9878771000520534 1.5736801040369852 1.8388718511164632 0.9840903820684717 
2.990090183629554 1.573991244621419 1.8376388240602686 0.9843048676187444 
2.985873722533541 1.573175590035988 1.8394265438210768 0.9844216599999907 
2.9866735967246605 1.5735777606861252 1.8373935665537537 0.9846341050699894 
2.988578938803764 1.572115420764452 1.839904216301127 0.9838218900426381 
2.988621954495562 1.572153963239521 1.8412149435629805 0.9836866039860881 
2.9867381202623573 1.5736355743987287 1.8393596574465336 0.9844311759851643 
2.9881187341684123 1.5724954591730214 1.8397680765874787 0.9839742115282697 
2.987560776072248 1.5714785686942134 1.8408401353667054 0.9841045986892301 
2.9877980190571023 1.5731297202012922 1.839363922179024 0.9840939362236613 
2.988441647773324 1.572323148126694 1.840114676278891 0.9839970449935713 
2.9881900376097494 1.5724938960934443 1.83939124279114 0.9841408487646621 
2.987067531792314 1.5728339615249276 1.8392204764079392 0.9843645730005226 
2.98806922055157 1.5730862185254262 1.8389431300556325 0.9841989340347631 
2.987911058561667 1.5719854508540405 1.8399272721807534 0.9842060423451423 
2.9880296800540944 1.5728110266075799 1.8391891655869128 0.9842007111123579 
2.98771006272566 1.5727363385430901 1.839378120843132 0.9842940587890912 
2.9870926600382526 1.5731136817180387 1.8382864096375013 0.9845863694579418 
2.986418166170716 1.5735089485137106 1.837372276316807 0.9848810316901271 
2.9870361177495623 1.5727771307923821 1.8387605423547742 0.9845755325119472 
2.9877812894779616 1.5728025526537803 1.839082009778878 0.9842944164622551 
2.98767700054467 1.572803007365953 1.8386504093161515 0.9844469277294982 
2.9870800959152835 1.572973821621483 1.8387534430227204 0.9844754712292322 
2.9874013613819566 1.5729250101305645 1.8388322652403166 0.9844402141235165 
2.9875611700461735 1.5729623541628093 1.838737787612207 0.9843935402851498 
2.987064388893908 1.5729454062552102 1.838523475996138 0.9845809509849446 
2.987436974758107 1.5729581171859095 1.8386842097081897 0.9844403929600984 
2.9877239024462092 1.5729260865787498 1.8384732039283591 0.9844814809062953 
2.987241047548015 1.5729618878607998 1.83868338324913 0.984476973648498 
2.987562950813478 1.572938020339433 1.8385432637019494 0.9844799784870295 
2.987321523364381 1.572955920980458 1.838648353362335 0.9844777248581309 
2.987247010710105 1.5730193459243016 1.8385593374389089 0.9845132917907291 
2.987384830291461 1.5729583445419957 1.8384684094768264 0.98451664859372 
2.98726481739818 1.5730358994519742 1.8384853096728455 0.9845133812090201 
2.9871668537931337 1.5730377847894192 1.8384848964433158 0.9845316715532199 
2.9873278054258656 1.573025851028736 1.8384148366697253 0.9845331739724855 
2.9872880458667748 1.5730475424460706 1.8382681452895406 0.9845614948258548 
2.9871018340730746 1.5731531427804142 1.8382589411579797 0.9845805611389311 
2.9871403553038034 1.5731342095346559 1.838128856704528 0.9846174184885865 
2.9873225992442727 1.5730074995833365 1.8382901829926679 0.9845686672335032 
2.9872674079514736 1.5730439103826062 1.838282372533996 0.9845716407098601 
2.9871903529525135 1.5730806120820546 1.838277277463521 0.9845739321418983 
2.987210232732059 1.5730697663733872 1.8383506231536133 0.9845597717152137 
2.987116507671028 1.5731239456263473 1.8382076331710147 0.9846018939732641 
2.9870972470556634 1.5731334122492264 1.8382726753977405 0.9845834652984364 
2.9871787387182156 1.573074790585006 1.8383858596551732 0.9845498753334809 
2.987069266650263 1.5731314819437752 1.8382604879233546 0.984587049400665 
2.987104508170712 1.5731160530511783 1.8382830217309194 0.9845802299793022 
