3.3607973489814116 1.48661208981212 1.7036421459892117 0.953057991650236 
3.528837216430482 1.48661208981212 1.7036421459892117 0.953057991650236 
3.3607973489814116 1.560942694302726 1.7036421459892117 0.953057991650236 
3.3607973489814116 1.48661208981212 1.7888242532886725 0.953057991650236 
3.3607973489814116 1.48661208981212 1.7036421459892117 1.0007108912327478 
3.444817282705947 1.5237773920574225 1.7462331996389424 0.9054050920677241 
3.234767448394608 1.5423600431800737 1.7675287264638073 0.92923154185898 
3.0877325643766715 1.57023401986405 1.7994720167011051 0.9173183169633523 
3.339792365550278 1.5702340198640505 1.7994720167011056 0.9173183169633521 
3.2032599732479072 1.5562970315220626 1.783500371582456 0.9709278289936778 
3.0824813185188873 1.5725568512543822 1.8021339575542124 1.0036891974566546 
3.2400186942523908 1.502871909544441 1.722275731960968 0.9858193601132128 
3.158624383456746 1.594623749462532 1.6996492347095489 0.9664603696578173 
3.057537900694414 1.5371336725518285 1.7828348863691783 0.973161558661608 
2.9059081765509145 1.5252291616763798 1.8224312565591614 0.9832133421672942 
3.0870761586444475 1.6123353388138075 1.794480877601527 0.9340712894728289 
3.201783060350405 1.5302377668617826 1.740327018371108 0.9728823424531168 
3.1253117925464333 1.5849694814964659 1.7764295911913872 0.9470083071329249 
3.1518141739849357 1.5157563649126837 1.8554975530938653 0.9437042486657781 
3.1569218310887934 1.5749069033250698 1.7386113143056279 0.9607713394098075 
3.200931784166428 1.520379343793051 1.7598080581691478 0.9700378273291117 
3.144216790451432 1.5688219470706122 1.7722742079358274 0.9527656871819716 
3.1303989369711607 1.5467153520369457 1.7831676289758172 0.9720446938276429 
3.107229865891604 1.5560202879384493 1.760723100337403 0.9669664490357077 
3.1461526745445108 1.5397468578659512 1.7751818064164928 0.951196550260294 
3.0914248466204235 1.561051577024147 1.7796322387802828 0.9600849328972665 
3.10552731352365 1.536303441800987 1.7996851799334823 0.9612774187876982 
3.105952951615638 1.5412326533353524 1.7899446600344628 0.9626996763497006 
3.0465046434063074 1.5533197696081857 1.7926079006633777 0.9827988806078151 
3.078772369723337 1.5281491467420092 1.7946452992411353 0.9852674718261167 
3.088261727396152 1.5528259694536126 1.783385503895496 0.966380567629479 
3.081745426155026 1.5391831629435906 1.7863897732018206 0.9679306175056543 
3.1181759442933994 1.543974002686149 1.7865561445051399 0.9673721850886717 
3.076228797510973 1.547276211471769 1.7912762803489204 0.9727492784787578 
3.098688899118031 1.5511421151797498 1.784788449407373 0.9613923046234836 
3.0923626606694876 1.5346909000386808 1.792294979637799 0.9739835740879086 
3.1228896938558033 1.5322641480301176 1.7863164983406907 0.9632437480372097 
3.137945199062139 1.5368976891015595 1.7911663680572252 0.965718974276091 
3.123895255835361 1.5374690575620673 1.7899722193433742 0.9662718850834818 
3.1430942621306137 1.5427790307681621 1.7840997814740347 0.9558101731916233 
3.1050455610347694 1.5367129327210511 1.7902461800968579 0.9694402238638373 
3.112064447954519 1.5426033280107507 1.7882504022698014 0.9650359307191861 
3.1149241037254995 1.5393508554487099 1.7899584396889185 0.9644857807165912 
3.114421322735721 1.536748400682735 1.7881305791875768 0.9629717121934551 
3.099157806142563 1.5379617766870166 1.7911198198361309 0.9683416252188046 
3.1008741604987202 1.5399222239092172 1.7887642909750672 0.9650386915239819 
3.1174986352597354 1.542291526282011 1.7864251463973229 0.9595313801743572 
3.103743013421856 1.5390442140857652 1.7899461514764288 0.9661390639576928 
3.1090086997850785 1.5419179906730516 1.789097531152132 0.9638678035344433 
3.11324288534512 1.539675864346743 1.788190490728689 0.9640038214563207 
3.1064693042266196 1.541262775959984 1.7885073466224344 0.965037311121584 
3.105611127048541 1.5402825523488837 1.7896851110529661 0.9666887779689954 
3.109685182502321 1.5399942696601292 1.7882191441848136 0.9665151170985996 
3.110023423860942 1.5390324091536685 1.7877799507011547 0.9678387738806775 
3.1036721455208807 1.5423955986431306 1.7891405113363188 0.9676347469978621 
3.11085020038906 1.54035579792084 1.7884279958805964 0.964911552841706 
3.11087481522842 1.5412987988354399 1.7882347732273076 0.9657755239088929 
3.107648154775431 1.5401384110045064 1.7889521276188898 0.9666019475337975 
3.1080772433644706 1.5406285228100565 1.788363245403624 0.9657762141100918 
3.1114640339237205 1.5398350670034362 1.7882048174567513 0.9652594692774601 
3.1124024827340353 1.540739918150024 1.7875588625173586 0.9650612146637247 
3.1099396560338537 1.5393000899763827 1.787938261553966 0.9655304836660453 
3.1101734458324954 1.539799767191147 1.7880123894723015 0.9655917437267572 
3.1072974700774685 1.5393888951823598 1.7888409357413866 0.9665100574427294 
3.1085737232416104 1.5397266509242762 1.7885204174353797 0.9661478467479782 
3.1088812129333956 1.5403113962350927 1.7882911947942188 0.9661456656043457 
3.110574608213021 1.5399146683317828 1.7882119808207824 0.9658872931880298 
3.1099293141674083 1.5398970184256382 1.7881157668285574 0.9660534304126784 
3.1110438326181784 1.5403670939050766 1.7878890033510861 0.9657881658811622 
3.10919516289763 1.5403702207811856 1.7880455737585557 0.9663638963103631 
3.1095400242264777 1.5402563326688348 1.7880871755241121 0.9662447455297798 
3.1098072483348647 1.5399456440428838 1.7881674555066855 0.966284273755639 
3.1103645075602495 1.540180681782603 1.7880540737679498 0.966151641489881 
3.1092831977178585 1.5401528329476109 1.7882551694895161 0.9663303913514727 
3.1101298953576713 1.5399544689959561 1.788215562502798 0.9662012051433146 
3.110710219159694 1.5398846992931756 1.7880729484916076 0.9662457273922445 
3.1101536834208927 1.5400481783934397 1.7880412484727304 0.9663971747248674 
3.1092950917494697 1.5401996876463522 1.788168012474482 0.966428376142249 
3.109106095443525 1.5399132080887992 1.7882438565514063 0.9666608293707966 
3.110081013101331 1.539750962446274 1.7881678398833358 0.9665003213327024 
3.109491572087435 1.5400875063463326 1.7881679693266954 0.9664463624398623 
3.1094110183922217 1.540075937201466 1.7881686537611372 0.9667254680614237 
3.109708190849204 1.5399782173325294 1.7881677550702983 0.9663945723320851 
3.1093956389729227 1.5399537388744642 1.78823150036811 0.966587973234698 
3.109588377294878 1.5400408880032308 1.7881935567557545 0.966480739769231 
3.1099194329616067 1.5400212240267845 1.7881301963287721 0.9664561459117336 
3.1097462154185926 1.5399699568515066 1.7881932998457497 0.9663996954271192 
3.1092882741327506 1.539958202667881 1.788288554248442 0.9665356168530905 
3.1097616432543926 1.5400054686870588 1.7881697858086896 0.9664760136470728 
3.1094692055936646 1.5400272257609346 1.788213693712934 0.9666302264476816 
3.109567457866772 1.5399494634880626 1.7882235052815187 0.9666239254447953 
3.109297099213448 1.5399568802047368 1.7882741359649987 0.9667026074658144 
3.1096455072441564 1.5399933215664783 1.788195873347767 0.9665326621017583 
3.1096263201845464 1.539971866574096 1.7882213247331662 0.9665695212716974 
3.1095771940479926 1.5400107477105318 1.7882164189488738 0.9665726717731407 
3.1095404107376217 1.5399740042672967 1.7882253222764617 0.9665515451666489 
3.109723412878357 1.5399998691735939 1.7881944649967516 0.9664955653728362 
3.1096367798986004 1.5400175788316797 1.788206350470284 0.9664979284339152 
3.1097708739260144 1.5400372284206707 1.7881928670238998 0.9664890961725969 
3.109741551778742 1.540003478650783 1.7882050971068852 0.9665382967746716 
