3.1752061594039254 1.9310385303469493 1.1953442810418757 1.2536294906567087 
3.333966467374122 1.9310385303469493 1.1953442810418757 1.2536294906567087 
3.1752061594039254 2.0275904568642966 1.1953442810418757 1.2536294906567087 
3.1752061594039254 1.9310385303469493 1.2551114950939695 1.2536294906567087 
3.1752061594039254 1.9310385303469493 1.1953442810418757 1.3163109651895442 
3.016445851433729 1.9793144936056228 1.2252278880679224 1.2849702279231265 
3.254586313389024 1.9431075211616178 1.2028151827983873 1.2614646749733132 
3.214896236396475 1.9853489890129572 1.2289633389461783 1.1948656082821756 
3.204973717148337 1.971771374346455 1.2205585744701026 1.2252269475090176 
3.2148962363964744 1.9370730257542834 1.1990797319201314 1.257547082815011 
3.2148962363964744 1.9370730257542834 1.2289633389461785 1.257547082815011 
3.2148962363964744 1.9853489890129572 1.1990797319201314 1.257547082815011 
3.2148962363964744 1.9370730257542834 1.1990797319201314 1.2888878200814287 
3.234741274892749 1.9642282550872872 1.1710638503332125 1.2751762475273711 
3.219857496020543 1.9438618330875344 1.214488466792937 1.2619543739931012 
3.237221904704783 1.9676226587539127 1.2086518247956621 1.2303687872167897 
3.2483847388589373 1.9104835303657166 1.2134378712334275 1.2481203766840965 
3.22326836201209 1.966632624351147 1.2026692667484555 1.2551904062822823 
3.2372219047047834 1.9434846771245762 1.2086518247956621 1.2617095244832073 
3.2173768662085087 1.940467429420909 1.2067840993565342 1.259750728404056 
3.228539700362663 1.9557422459207237 1.2115701457942996 1.2461615806049453 
3.2173768662085087 1.9646054110502458 1.2067840993565342 1.259750728404056 
3.204353559695329 1.9588537826151304 1.2111615808544904 1.2520991812198718 
3.212570645947692 1.955011506242492 1.2105341418397833 1.2545017670357057 
3.2050512368299633 1.9462308439798672 1.207725257878595 1.2718172183135144 
3.210923352713138 1.9486086944650816 1.2086864798575214 1.265403308886372 
3.2201966446276575 1.9437601777693934 1.2078374308419801 1.268927802808087 
3.216800313576415 1.9599506287652186 1.2121141390679522 1.268267378641752 
3.2172327280504853 1.9453382292569863 1.2081166092843887 1.26187989096348 
3.2169444517344385 1.9550798289291413 1.2107816291400977 1.266138216082328 
3.2171606589714736 1.9477736291750252 1.2087828642483158 1.2629444722431922 
3.2200270703241003 1.9438110054284639 1.2111629488174587 1.265441088400594 
3.2153904243668405 1.946235263776308 1.2115874733252292 1.2636788414397366 
3.218617181114526 1.95423362206889 1.2106362830747357 1.2608525511985786 
3.218545112035514 1.9446000311722602 1.2113025380386628 1.2619171324782905 
3.216178036444611 1.9506543696240326 1.2128444317983234 1.2587603611542595 
3.216368353319229 1.9384421267611773 1.2144751719028406 1.2623028033341153 
3.216930560268053 1.9423900005881056 1.2135154496958143 1.261940240300231 
3.22036517801752 1.9445178534596588 1.2144879698376398 1.2586072125232044 
3.2181205233398495 1.9461119972074057 1.2163656210236944 1.2587139615071075 
3.217908228992018 1.9468679802249786 1.2188971625162104 1.257112376021516 
3.2151781300190088 1.9469912467938801 1.2141190148177448 1.262077255954145 
3.219068416017892 1.9451362017932141 1.214395731082666 1.2594747233809396 
3.219681675643394 1.9504922002679876 1.215531675652996 1.2575114697174727 
3.217618339111888 1.9444155505080762 1.2140195061851098 1.2608330476545415 
3.221154350800475 1.9391084216740826 1.21679023074388 1.2617276921135852 
3.2174221150335773 1.947767882636545 1.2138308815347125 1.259502193894091 
3.2189890096801963 1.94498691514747 1.2154270439083157 1.2603341677501043 
3.218594469678871 1.9456240995003098 1.2153806760531802 1.2590943424440235 
3.2178694312258687 1.945263773857741 1.215192563604402 1.2597735045808245 
3.2171492798922303 1.9483831834157193 1.2146050264110089 1.2587371613306835 
3.217469652390202 1.946748835313858 1.2154144514205303 1.259685055140336 
3.217750856712369 1.946467651360471 1.2154060075786928 1.259537376966258 
3.216456035904963 1.9481263877731987 1.2153575654005837 1.2580468344423323 
3.218355766236388 1.945771783303902 1.2154096742813827 1.2597623344231614 
3.21763490161604 1.9472475903115625 1.2154853237173517 1.2587255614188955 
3.2175093555590495 1.94682347863673 1.2148987950077055 1.259255332955754 
3.2174500683022997 1.9474254173880952 1.2150055169948508 1.2591372691484706 
3.218069144786213 1.9466850492815946 1.2150160351596622 1.259535664540394 
3.2177312726244662 1.9471442334347082 1.2149970731530135 1.2589895909743927 
3.217782943900425 1.947906549585062 1.215152934212813 1.2587386561764289 
3.217731418985627 1.9478119175469792 1.214400210750897 1.2592749750920538 
3.2176351211577816 1.9482491164799693 1.214590030114177 1.2591536375953876 
3.217586825882698 1.9478000318341933 1.2152818021979335 1.258807584729393 
3.2176589760730017 1.947138290578315 1.2154378688765315 1.2587558957930618 
3.217653012344196 1.9474159970537288 1.2152259091859428 1.2588553312436432 
3.217368052887464 1.9480916076249564 1.214943414304471 1.2587723730300382 
3.2174661118963277 1.9481448665003906 1.2148789803119109 1.2587379087535562 
3.2176092123392217 1.947534116348657 1.2148105307853356 1.2591364129355387 
3.2173922005250057 1.9483161499478443 1.214597528262593 1.2589453994630355 
3.2174041279826167 1.9477607369970176 1.2150214476437704 1.2587465285618726 
3.2174011461182137 1.9478995902347243 1.214915467798476 1.2587962462871634 
3.2170830830578967 1.9487255075392387 1.2148609136275974 1.2583854317651817 
3.217132117748745 1.9487729923054284 1.2147286995290183 1.2585201911525665 
3.2173338890258467 1.9481179407524003 1.2148687757311114 1.2587272325035141 
3.217199374841112 1.9485546417877524 1.2147753915963828 1.2585892049362157 
3.217300260479663 1.9482271160112383 1.2148454296974291 1.2586927256116895 
3.2171161814750633 1.948554345477479 1.2147329700193032 1.2585612965479327 
3.2172586663898475 1.9482373955203378 1.2147742203577399 1.2587547671803607 
3.217307695894279 1.948264024958055 1.2147420033614598 1.25873753504212 
3.2172415844590385 1.9482505620840598 1.2147369010710602 1.2587321969170988 
3.217174327366672 1.9484689126017358 1.2146902090036957 1.2586631831334496 
3.217140698820489 1.9485780878605738 1.2146668629700135 1.2586286762416252 
3.2171150759242746 1.948597837706157 1.214610884039994 1.2585948208467324 
3.216969736434841 1.948738114642491 1.214577541375541 1.2585406958872793 
3.2172232060294195 1.9483825473791638 1.21470088786498 1.2586883252534098 
3.217161803629451 1.9484260480087277 1.2146476177073522 1.2587001722320665 
3.217145254420868 1.9485116290396074 1.2147115895114995 1.2586122398406911 
3.2171447016454735 1.9485333751539464 1.214650546521845 1.258629001990091 
3.2172410116304757 1.9483664687798954 1.2147161061825777 1.2587003590877848 
3.2170720319007575 1.9486035136221127 1.2146338751896184 1.2586019395103645 
3.2171063540374343 1.9486326671999739 1.2146954924059772 1.2585530100052318 
3.2171202164354384 1.9485810124021625 1.214683523731321 1.2585898005619405 
3.217110384253303 1.9485817778503711 1.2146174877117408 1.2586297227572314 
3.217093778332612 1.9485842330842447 1.2146620012963432 1.258613320991402 
3.2171773212932546 1.9485044543471446 1.214692735681932 1.2586460742116474 
3.217098354248882 1.9485787488033708 1.214648590312697 1.2586129731856852 
3.217147271901055 1.9485249625019492 1.2146868663675083 1.258626491847695 
3.2171423558099876 1.9485253452260536 1.2146538483577183 1.2586464529453405 
3.2171340528496417 1.9485265728429901 1.2146761051500194 1.258638252062426 
