3.1813922228480918 1.2166286273383387 1.3843229944326656 1.8430861813705408 
3.3404618339904966 1.2166286273383387 1.3843229944326656 1.8430861813705408 
3.1813922228480918 1.2774600587052556 1.3843229944326656 1.8430861813705408 
3.1813922228480918 1.2166286273383387 1.4535391441542989 1.8430861813705408 
3.1813922228480918 1.2166286273383387 1.3843229944326656 1.9352404904390679 
3.022322611705687 1.247044343021797 1.4189310692934822 1.889163335904804 
3.1018574172768902 1.2622522008635264 1.4362351067238905 1.7739704495691453 
3.0620900144912886 1.1938168405757448 1.462191162869503 1.831566892736975 
3.151566670758891 1.256549254172878 1.403790036541875 1.8402063592121494 
3.1018574172768894 1.2318364851800678 1.4362351067238905 1.8661247586376724 
3.141624820062491 1.2394404141009325 1.4448871254390947 1.808528315469843 
3.1813922228480918 1.2166286273383387 1.4189310692934822 1.8430861813705408 
3.1813922228480918 1.247044343021797 1.4189310692934822 1.8430861813705408 
3.2410433270264942 1.2280345207196357 1.431909097366288 1.8027686711530602 
3.1366538947142906 1.23088599406496 1.43515360438449 1.8502857367665193 
3.206246849589093 1.2289850118347436 1.4329905997056887 1.8186076930242132 
3.154052133432991 1.2304107485074058 1.4346128532147895 1.8423662258309428 
3.147838476747741 1.2501334391458983 1.45705402675735 1.8254472706503928 
3.173003786323004 1.2250048302902286 1.4284618086594492 1.8386764536905038 
3.1562269132728287 1.2417572361940084 1.447523287391383 1.8298569983304298 
3.147838476747741 1.2501334391458983 1.4570540267573495 1.8254472706503924 
3.1352558219601097 1.2170741700485457 1.471350135806301 1.8188326791303377 
3.1698581226260965 1.2395517997784842 1.432035835921687 1.83702280581049 
3.1551395233529096 1.2360839923507072 1.4410680703030863 1.8361116120806864 
3.1688095680604604 1.2291929317661734 1.450531215772841 1.8364715898504853 
3.1489258666676596 1.2405988251474704 1.4462052064152389 1.8191926569001364 
3.1688095680604604 1.2444007896079028 1.4332271783424326 1.8364715898504853 
3.145741367616469 1.2522274898838712 1.4334806554532296 1.8243448387303838 
3.1515084177274666 1.2464688503544468 1.4377432955331324 1.8273765265104092 
3.1525763899702444 1.2411780306707394 1.4468642469033108 1.8245248276152832 
3.155683218312869 1.2389206142723577 1.4442956788472348 1.832984305205558 
3.1625182406666443 1.2430790129009557 1.440375232866908 1.8331642940904576 
3.1625182406666443 1.235475083980091 1.449027251582112 1.8331642940904576 
3.165896916489249 1.2384379430029666 1.443746478440508 1.8400601182431684 
3.1625667848594974 1.2391229649199098 1.4445259205562087 1.8361762955861973 
3.155906521599996 1.2404930087537962 1.4460848047876103 1.8284086502722543 
3.160901719044622 1.2394654758783814 1.4449156416140592 1.8342343842577116 
3.1593725769697363 1.242418124547482 1.4439492601291455 1.8315106462104436 
3.1625182406666443 1.2392770484405233 1.44470124222451 1.8331642940904576 
3.1591007294897566 1.2409998135866567 1.4423354558570713 1.8330742996480078 
3.162542512763071 1.2411009889104327 1.4424505767115583 1.8346702948383276 
3.164375056043291 1.24193777381304 1.4434027001089895 1.8331804649668355 
3.1618859525547265 1.2449909016454315 1.4403876426837905 1.8330985559625745 
3.162360168638665 1.2407055117417505 1.4436228423393302 1.833147859558487 
3.1609454088181903 1.2427485687242188 1.4421622464980266 1.8323374701504505 
3.162530376714858 1.2420900009056943 1.441412904789233 1.8339172944643924 
3.1634466483549675 1.2425083933569978 1.4418889664879488 1.8331723795286465 
3.1625182406666443 1.2411780306707394 1.442538237545709 1.8331642940904576 
3.1608094850782003 1.2420394132438062 1.4413553443619898 1.8331192968692323 
3.1608835149723014 1.243800467216598 1.4401146267123697 1.833104883696809 
3.16004794805281 1.243743730137095 1.440590820430414 1.831945677939082 
3.1613880711767726 1.2446464762456275 1.4402661188918695 1.832156866069167 
3.1609541316028436 1.2426911789942614 1.4410830379944597 1.832878689169216 
3.161731824742417 1.2429137908125871 1.4412687396824673 1.832750882120454 
3.161700877819473 1.2434397400587769 1.440244929789639 1.8331345888936332 
3.161283094359727 1.2434113715190254 1.440483026648661 1.8325549860147698 
3.1616638628724223 1.242559213072381 1.4408652886144488 1.833141795479845 
3.161897633501133 1.242541954093698 1.4412512141166038 1.8326713899591298 
3.161750066739888 1.2432152935675072 1.4404965008713801 1.8330187891600074 
3.1625489031509586 1.2424722836576905 1.4410198543689412 1.8334828944106119 
3.161599546557535 1.2431765995536916 1.440617233578731 1.8327869631137303 
3.16213597648082 1.2436331353449899 1.4405135648852943 1.8327186687624795 
3.1624685077573504 1.2432440167593284 1.4407097855742936 1.8330393539529688 
3.161816786857489 1.2431934538551008 1.4406403715776217 1.83285006082354 
3.162327108573732 1.2433560741229728 1.440444398876101 1.8329414814264684 
3.162134153703266 1.2431471532342315 1.440435866869144 1.8330915416252325 
3.1621250327045307 1.2429964018567714 1.4408219862746876 1.8329575881054558 
3.1620588936120897 1.2431278062273237 1.4404962332228195 1.832975628602094 
3.162380484075232 1.2431324943197803 1.4406330587511138 1.8329279544870054 
3.1621957362962574 1.2431434885056187 1.4404851648396364 1.8330506448406756 
3.1624249568698315 1.2433567890216641 1.4400785286280444 1.8331084363743924 
3.162200013745856 1.2430864986479946 1.4406361218630268 1.83299530017269 
3.1623499758285063 1.243266692230441 1.4402643930397052 1.8330707243071582 
3.1623124853078437 1.2432216438348291 1.4403573252455355 1.8330518682735413 
3.1626178918101497 1.2432723034548647 1.4403348276912709 1.8331285157134778 
3.162198643161605 1.2431639305342088 1.4404558818399322 1.83301385037994 
3.162482502558656 1.2432668421908646 1.4403312545746023 1.8330351022445281 
3.1626215253918337 1.2432978559906025 1.440298223941641 1.8330825226375578 
3.162407177411371 1.2432104512338154 1.4404063358904904 1.8330849809694842 
3.1624636712718344 1.2432527444516022 1.4403500249035743 1.8330475719257673 
3.162569883029239 1.243188434445779 1.4403367284042745 1.8331234083640076 
3.1624226746201884 1.2432175435119643 1.4404098158715044 1.833052887758463 
3.162415362987244 1.2431503283678924 1.4403662790562217 1.8331080811819995 
3.16250037161265 1.2431729275459102 1.4403532437207551 1.833099698167493 
3.1625792545276994 1.2430778081183043 1.440305926152575 1.8331948531435152 
3.1625401095508217 1.2431127419667194 1.4403318985823073 1.8331593617972521 
3.162648939442433 1.2431262300617898 1.4403322727309007 1.8331653000276051 
3.162590545328636 1.2431322546383154 1.4403407743122307 1.8331509953162037 
3.1624737571010413 1.2431443037913668 1.4403577774748917 1.833122385893401 
3.162561348271737 1.2431352669265783 1.440345025102896 1.833143842960503 
3.1625944191465707 1.2430848005741058 1.4403411987574377 1.833195755438617 
3.1625818360062734 1.2431310154569901 1.4403671939834513 1.83315428862954 
3.1625505411646846 1.243117310339287 1.4403407224325933 1.833158093505324 
3.1625563299066073 1.2430819067375307 1.4403582158121728 1.8331800247645371 
3.1625440618479415 1.2431337236733673 1.4403559806355912 1.8331438512272324 
3.1625397944691906 1.243107139913767 1.440360128984902 1.8331540685254804 
3.162529175108733 1.2430958774338374 1.4403535657246076 1.8331618279438548 
3.162509306139647 1.243125970223433 1.440364238293831 1.8331319961289751 
3.162544573964867 1.2430929226090064 1.4403597214325874 1.8331680176056466 
3.162521062081387 1.2431149543519573 1.4403627326734165 1.8331440032878656 
