3.0660384512705927 1.4842853790342891 1.2488596843529214 1.9339443735381905 
3.2193403738341226 1.4842853790342891 1.2488596843529214 1.9339443735381905 
3.0660384512705927 1.5584996479860036 1.2488596843529214 1.9339443735381905 
3.0660384512705927 1.4842853790342891 1.3113026685705675 1.9339443735381905 
3.0660384512705927 1.4842853790342891 1.2488596843529214 2.0306415922151 
3.142689412552358 1.5213925135101465 1.1864167001352752 1.9822929828766456 
3.18101489319324 1.4286246773205036 1.2176381922440984 2.0064672875458727 
3.008550230309269 1.475008595415325 1.2020274461896867 2.042728744549714 
3.018131600469489 1.414709501892057 1.2722758034345387 2.024598016047793 
3.049271053490207 1.4413802547965793 1.2508110276097226 2.014021757755006 
3.0660384512705927 1.4842853790342891 1.2488596843529214 1.9822929828766453 
3.0372943407899307 1.479646987224807 1.225443565271304 2.036685168382407 
3.1235266722319164 1.4564550281773965 1.23324893829851 2.0185544398804867 
3.1043639319114753 1.5028389462722178 1.2176381922440984 2.006467287545873 
3.1426894125523583 1.4842853790342891 1.2488596843529216 1.982292982876646 
3.1522707827125793 1.479646987224807 1.2254435652713043 2.036685168382408 
3.0804105065109235 1.4773277913200662 1.2137355057304953 2.063881261135288 
3.0348989982498744 1.4808065851771777 1.231297595041708 2.0230871220059656 
3.122927836596903 1.4799368867128997 1.2269070727139053 2.0332856567882973 
3.0852011915910342 1.4935621626532534 1.23324893829851 2.0185544398804867 
3.073224478890758 1.4808065851771777 1.2312975950417084 2.047261426675194 
3.0947825617512548 1.4703702036058428 1.2410543113257155 2.0245980160477934 
3.109154616991586 1.481966183129548 1.2371516248121128 2.033663380298754 
3.0863988628610617 1.4651520128201758 1.245932669467719 2.049527767737934 
3.072625643255744 1.4857348764747527 1.2405664755115153 2.055949067415698 
3.0741227323432785 1.5012444990877079 1.23300502039141 2.03422996556444 
3.083329830231616 1.4741751343870588 1.2427007571986417 2.0457033171945604 
3.0696314650806755 1.4825459821057334 1.240078639697315 2.0389515094451474 
3.087596534131089 1.4831257810819185 1.2430056545825172 2.032152486256927 
3.0693320472631687 1.485010127754521 1.2447130799322184 2.043295329815399 
3.0762186570658274 1.4747186959272325 1.2473961769103203 2.040084679976517 
3.053013776209043 1.4801543113289695 1.2475181358638703 2.044334069469155 
3.078950844650578 1.4823829136436812 1.2441337749028554 2.0351978820599843 
3.076087661770668 1.4769563576009472 1.2455210579994878 2.029142502032975 
3.0710209508900435 1.4829966852161274 1.2449150744490356 2.0397571228697933 
3.07112855416821 1.4795020374807608 1.2481279306316209 2.0353631360958087 
3.0678349581756343 1.4834156805700114 1.2444691620251183 2.034796550830124 
3.0724946479605855 1.483334146338985 1.2464967296278884 2.0329197371375423 
3.067685249266881 1.484647753394405 1.2467863821425698 2.03696846101525 
3.0658980991686366 1.4883394421880842 1.2451780484426278 2.0323000345031996 
3.0698209404183165 1.4817113886575917 1.2473904600843726 2.0345973606976564 
3.0669367047231137 1.4838505298021503 1.2466644231890198 2.032719071522612 
3.0668618502687366 1.484466566214347 1.2478230332477456 2.033805026615175 
3.0692665496155893 1.4838097626866371 1.2476782069904049 2.0317806646763215 
3.0685835027194015 1.481893708257525 1.2484938074922711 2.0330023641554544 
3.0649437048753327 1.4834383289675184 1.248242267150574 2.0333033625778496 
3.066277049843918 1.4831914614346895 1.250044972932736 2.0326571012591774 
3.066441963563717 1.4833562285265547 1.249199835496807 2.032672593825036 
3.066141960945785 1.4820202561785967 1.249574763998541 2.0310049297715453 
3.0666818779379987 1.4838549887054095 1.2482609659354444 2.033105002404268 
3.0666818048379465 1.4833799739558162 1.2477285269687985 2.0323535668512998 
3.0690491135076368 1.4832686960090016 1.248429225224144 2.0312479002352113 
3.065642121057686 1.4855008105947332 1.2481453937483833 2.030671666697485 
3.063473014044476 1.4852418801361222 1.24806806027863 2.032138013848865 
3.0676550886418466 1.4837619920407819 1.2483389339877655 2.0314704286386247 
3.066360164604296 1.4840701838698493 1.248560325144183 2.031873297309684 
3.06636012805427 1.4838326764950527 1.24829410566086 2.0314975795332 
3.065840286164139 1.4848930948145111 1.2485025390506523 2.030656629456293 
3.067543782389115 1.4837770375216452 1.2486444547885327 2.0309447462251558 
3.0665312141598013 1.4846801711250948 1.2489893960072846 2.0305605530699165 
3.066488442633418 1.4844682974675845 1.2488155734206785 2.0307948096857373 
3.0667911168298536 1.4840312082779672 1.248752069570727 2.0307931692201278 
3.0669519734967055 1.4839236106957472 1.2486023899663579 2.03140902176742 
3.066692034276627 1.4843350661680783 1.2485734969195925 2.030800687840724 
3.0669519552216924 1.4838048570083489 1.2484692802246964 2.031221162879178 
3.0670374708619383 1.4840504737922728 1.2486172607854167 2.030470861315173 
3.0669733478380135 1.4839553264698786 1.2486061076711226 2.031174481654358 
3.0672478688054037 1.483790947264997 1.2485568675066145 2.0310829545521667 
3.067117908332871 1.4840560518448618 1.2486089758540626 2.03087271703294 
3.0671674496094843 1.4839041228998062 1.2486982621796299 2.0308689577226415 
3.0672478779429104 1.4838503241086962 1.2486234223774453 2.031176883996288 
3.0674112691256665 1.4838330574702936 1.2485185980836977 2.031169693180634 
3.0673503142466214 1.4838508238276715 1.2485635141076807 2.031094509316136 
3.0675770133591547 1.483578514516643 1.2485851535360741 2.031276830011933 
3.0672326845894418 1.4839366675128072 1.2486030202745655 2.0309737452776884 
3.0672857926168144 1.4838266643764013 1.2486503683658983 2.0309946557095135 
3.0674299762876807 1.4836858191230626 1.24863453624468 2.0311258749638736 
3.067380653363121 1.4837485312204988 1.2486266572521516 2.0310878425423278 
3.0673958255972593 1.4837839923933211 1.2486006611475737 2.0310138503886614 
3.0673958301660127 1.4838136808151707 1.248633938582989 2.031060815110722 
3.0674147875029645 1.4838018509490234 1.2486474115772155 2.0309697009673346 
3.0673882334892784 1.4838568525172262 1.248623737531549 2.030959245751422 
3.067475484323296 1.483796185875437 1.2486241939394462 2.0308829565555646 
3.067455570783975 1.48380055961037 1.248626630100332 2.030927421194354 
3.067469803993187 1.4837805149574832 1.2486225579680532 2.0309792983069084 
3.0674792849460397 1.4837894442353343 1.248645933182874 2.0309572235962454 
3.0674660079391964 1.4838169450194356 1.2486340961600408 2.030951995988289 
3.067469806277564 1.483795359168408 1.2486391966857608 2.031002780667939 
3.067509633356205 1.4837866116985414 1.2486343243639895 2.03091385139036 
3.0675153288928128 1.4837911103632184 1.2486217834574338 2.030937722359111 
3.0675475722954766 1.483805337343937 1.248644771416945 2.0308948596745493 
3.0675281302199036 1.4837991317473236 1.248639218054722 2.0309159693326393 
3.06748924606876 1.4837867205540967 1.2486281113302762 2.0309581886488184 
3.0674989671065456 1.4837898233524034 1.2486308880113877 2.030947633819774 
3.0675678479331436 1.4837553464484685 1.2486316291506312 2.0309199809089105 
3.067544786499691 1.4837632991473109 1.2486488646998366 2.0309253838129893 
3.0675840579825318 1.48375132405558 1.2486487484901072 2.030904347348934 
3.067520239825542 1.4837801985281975 1.2486353531310677 2.030936812202064 
3.0675786949675414 1.4837513291242699 1.2486458265210447 2.0309496101841997 
3.067526898759039 1.4837777910549734 1.2486371999032533 2.0309227910888197 
