2.356194490192345 1.5707963267948966 1.5707963267948966 1.5707963267948966 
2.4740042147019623 1.5707963267948966 1.5707963267948966 1.5707963267948966 
2.356194490192345 1.6493361431346414 1.5707963267948966 1.5707963267948966 
2.356194490192345 1.5707963267948966 1.6493361431346414 1.5707963267948966 
2.356194490192345 1.5707963267948966 1.5707963267948966 1.6493361431346414 
2.415099352447154 1.6100662349647692 1.6100662349647692 1.4922565104551517 
2.444551783574558 1.6297011890497055 1.6297011890497055 1.531526418625024 
2.4887304302656643 1.5413438956674925 1.6591536201771095 1.5118914645400876 
2.554998400302324 1.4873477719339183 1.703332266868216 1.4824390334126836 
2.5881323853206544 1.5781594345767482 1.6076118657041523 1.467712817848981 
2.704101332884809 1.5818409884676736 1.5867497269889075 1.416171063376023 
2.6295498665935666 1.4953244720309233 1.6057710887586891 1.4493050483943533 
2.7662275547941775 1.457588544648937 1.6232584697405854 1.4670992255338264 
2.853434362585476 1.4402545617458293 1.6887594493833022 1.3367108585635465 
3.0431494365272327 1.3749836792212955 1.7477410106775046 1.219668124447871 
3.016515695097569 1.4675210702504966 1.5784278812146275 1.2936826974633533 
3.135447143058328 1.445642669263278 1.6623174555521238 1.2490055070161836 
3.183379248989792 1.477405658952435 1.6643595674759966 1.1221644706178893 
3.3919550960875995 1.487314216104184 1.6849101163437021 0.9496970931599207 
3.5894323525005554 1.3058898289519534 1.7499485049050714 0.9398556476676414 
3.3680995975966193 1.3748776188308836 1.7091488104260302 1.0589345015947367 
3.4528099415373212 1.373888021459324 1.8236308152850529 0.944969915646003 
3.3437363799273827 1.3972962836571172 1.7623300817674468 1.0321481111003405 
3.0890444302036526 1.4777408052920538 1.7195005217443584 1.166324916267421 
3.2984955283146062 1.4230248228740474 1.7949234097143822 0.9349136154715931 
3.0675858656391624 1.484235478088673 1.7112074474725272 1.1031537635730626 
3.380391023595277 1.5611739819581834 1.7075297369599807 0.8573765697881277 
3.512357173461406 1.4903914350255616 1.7422244449086846 0.8510023337704686 
3.7025549805257922 1.5032114226889344 1.7452933322190165 0.630169889827634 
3.549177342945257 1.496843768339714 1.738845129600352 0.7642086464375808 
3.3861730598414383 1.5242440990311836 1.6962199266518414 0.9035368314740242 
3.4521561347745027 1.4888528255648728 1.7135672806261932 0.9003497134651947 
3.345225312201103 1.4551695194891157 1.7399167630290422 0.9423053543157569 
3.240499763145626 1.4825275106981188 1.7022053190440303 1.0580110047136708 
3.3901667147234806 1.536299806210064 1.6585345583038418 0.9634919670906483 
3.3564606628316973 1.4754520911693527 1.7195712118477422 0.9476020075094798 
3.334362768578275 1.4428292227370805 1.7139070372789924 1.0242930779501087 
3.3732204870256473 1.503890379957658 1.7006417043086293 0.9337258930930453 
3.3742078794596484 1.4813831536367683 1.7022406640957222 0.9486495503347002 
3.316227429616613 1.4849208634011513 1.6935577176938663 1.0038540489367958 
3.4220556154310513 1.4880835208345284 1.6992386984849477 0.9250234033125577 
3.3890640779645187 1.5057791575676838 1.6905650214977719 0.9266169623169724 
3.3631589323329374 1.4650717194206324 1.6994085768113472 0.9869950855550149 
3.300719053317347 1.4712614554468395 1.6908198389873712 1.0195744856806581 
3.391721474902625 1.483878004487606 1.6971339836105535 0.9486611739045828 
3.3738970077003065 1.5036763993942226 1.6895126640605747 0.9384358476129848 
3.4496632994584777 1.4932050234102396 1.6933409963614094 0.8888677835692986 
3.349586397077079 1.4869919034034234 1.693503537360752 0.9751074825949215 
3.37983841606317 1.4661072394217682 1.69938148664479 0.9726218023840778 
3.378353063972454 1.475499529414882 1.696914280998736 0.9640753136913045 
3.361897138268364 1.4841875285200958 1.6978721007282371 0.9618785164648109 
3.382964677181137 1.4826305790621872 1.6996873238531378 0.9486553621196415 
3.383081487773624 1.484348684870476 1.6935753902197122 0.9491733217473104 
3.3740524435799775 1.4925297765154955 1.6958766640781484 0.9435426989738425 
3.363479581470939 1.4860168339967972 1.7042629861579108 0.9521897421991872 
3.353678628319596 1.4868509085599575 1.7096067841270104 0.9536979524251255 
3.3538538442083277 1.4894280672723912 1.7004388836768716 0.9544748918666289 
3.370899736091082 1.4904913871906305 1.7035374982760891 0.9375499252223685 
3.3641477877240433 1.4857634931877295 1.6992884501152001 0.9557963686542004 
3.384090001908976 1.483418561396004 1.7003954985466192 0.9456142882143362 
3.3614128836334896 1.4879256908032943 1.7004280373943086 0.9522597409535558 
3.368766012525458 1.4892733052561464 1.7000698251180295 0.9478662205865148 
3.3688437304652936 1.4836999938167827 1.7032518251268165 0.9504196462669436 
3.363813684597491 1.4858901635922632 1.7017757181365556 0.9539930554266938 
3.358666712839633 1.4877224506345943 1.702350934917391 0.953332317032908 
3.3660643340531697 1.4874661282598969 1.7031920675235184 0.947910907616083 
3.3655016716892505 1.4870721370929887 1.702837980176778 0.9494314445687356 
3.3661227969981984 1.4876450696264718 1.7021664056379702 0.9500279813928509 
3.3661616559681162 1.48485841390679 1.7037574056423637 0.9513046942330654 
3.361073147155286 1.4868696423156957 1.703306960537651 0.9527610296160476 
3.363646633034215 1.4859534987945302 1.7030193521472332 0.9530913988129405 
3.364771957762055 1.486741481128347 1.7037275268407146 0.9500503249076352 
3.3644906265800953 1.4865444855448926 1.7035504831673443 0.9508105933839615 
3.3614214201341435 1.4886796018351391 1.7028860121080744 0.9515899790629583 
3.364976597009623 1.4858137108888774 1.7035395572587912 0.9513760154405386 
3.3626064790926367 1.4877243048530517 1.7031038604916469 0.9515186578554851 
3.364384067530376 1.486291359379921 1.703430633067005 0.9514116760442752 
3.360590914370151 1.4852160909921817 1.7051091258269853 0.9535585392288848 
3.3647398263411867 1.4870378249678993 1.702902085685224 0.9509106208518594 
3.3625075232433774 1.4869430340327217 1.70358062470706 0.9519243169812526 
3.3639149314586265 1.4864542780431211 1.7034681309770188 0.9515398362785196 
3.362976659315127 1.4867801153695215 1.7035431267970462 0.9517961567470082 
3.3632112273510018 1.4866986560379214 1.7035243778420393 0.951732076629886 
3.363680363422752 1.4865357373747212 1.7034868799320257 0.9516039163956418 
3.3633285113689393 1.4866579263721214 1.7035150033645359 0.951700036571325 
3.3622763643131126 1.4864432381562465 1.7037849733477808 0.9524753859076174 
3.3627818868676904 1.4867070639302942 1.7034287218524975 0.9517858115000045 
3.362906486748236 1.4869537336417975 1.7031045231114375 0.9518358252339535 
3.362142187253144 1.4867841491768086 1.703415669189845 0.9522465531229668 
3.36123030604638 1.486448313147725 1.7038636393524498 0.9527985648393648 
3.3613373993481375 1.4869613461290154 1.7032225221184412 0.9523205936315744 
3.362041623071869 1.4865727651494387 1.7036443605404459 0.9524366878386066 
3.3611517266008333 1.4866589777317105 1.7035852999450505 0.9527797972277061 
3.3619275170114884 1.486788353122995 1.7033678411950741 0.9522734205580261 
3.3616076672042148 1.486826895746252 1.703361314863748 0.9525037913695071 
3.3616747557341995 1.4866564402359712 1.7035459669427158 0.9526182077618325 
3.360826131335778 1.4867176248918201 1.7035319299495089 0.9530579924295204 
3.3614391241139066 1.486876323863159 1.703287786201762 0.9526907133607474 
3.3608989119653714 1.486733119907071 1.703475006952071 0.9530601802145666 
3.3607973489814116 1.48661208981212 1.7036421459892117 0.953057991650236 
