3.136175740042614 1.5072971607652987 1.2069681506246441 1.7997769599917506 
3.292984527044745 1.5072971607652987 1.2069681506246441 1.7997769599917506 
3.136175740042614 1.5826620188035638 1.2069681506246441 1.7997769599917506 
3.136175740042614 1.5072971607652987 1.2673165581558763 1.7997769599917506 
3.136175740042614 1.5072971607652987 1.2069681506246441 1.8897658079913382 
3.2145801335436794 1.4319323027270336 1.2371423543902602 1.8447713839915445 
3.1557768384178804 1.5449795897844312 1.2145117015660483 1.8110255659916992 
2.9891675022281166 1.5261383752748645 1.240914129860962 1.8503956869915186 
3.2170302708405876 1.5120074643926902 1.2154546454337236 1.8124316417416926 
3.136175740042614 1.5072971607652987 1.2069681506246441 1.8447713839915445 
3.136175740042614 1.5072971607652987 1.2371423543902602 1.8447713839915445 
3.145976289230247 1.526138375274865 1.2107399260953462 1.8503956869915186 
3.2145801335436794 1.5072971607652987 1.2069681506246441 1.8447713839915445 
3.062671621135365 1.5167177680200816 1.223941140242803 1.870080747491428 
3.104323955182806 1.5214280716474735 1.2324276350518826 1.8827354292413703 
3.128212793827662 1.5108298884858424 1.2133330217314537 1.854262395304001 
3.1122869013977583 1.5178953439269298 1.226062763945073 1.8732444179289138 
3.124231320720186 1.5125962523461143 1.2165154572848587 1.8590079009602292 
3.0836509217401424 1.4958157956735318 1.2315436251759369 1.8814172332257515 
3.130394947357721 1.5185577303745317 1.2159408508654939 1.8581510735500768 
3.1084777035689712 1.5123386576164914 1.225480790776742 1.8723766055519642 
3.1202929164323825 1.5125318536637087 1.2187567906578294 1.862350077108163 
3.0994236805889894 1.5120074643926902 1.2154546454337236 1.879923277741383 
3.1332853437001678 1.512927445569915 1.211454500745069 1.8739584407707075 
3.136175740042614 1.5072971607652987 1.2220552525074522 1.8672685959914412 
3.1302035303814 1.5099467065557066 1.2117418039547514 1.8743868544757838 
3.122326721805793 1.509817909190895 1.2162244707006933 1.8810712067716517 
3.11838831751799 1.5097535105084887 1.2184658040736642 1.8844133829195862 
3.1645580922066046 1.5066623737530138 1.2128965418552058 1.8761087480211862 
3.1482744893022003 1.5079986464129327 1.2135360677498352 1.8770623804512356 
3.1292512309242033 1.5085575349780969 1.2115963106626686 1.885418507381495 
3.1292512309242033 1.5085575349780969 1.2191398616040727 1.8741699013815465 
3.1278060327529804 1.511372677380405 1.2138394857228811 1.8775148237711796 
3.1108752011973912 1.5109126867917926 1.2158395580672083 1.8804972422565174 
3.115878362415981 1.5117728691924979 1.2096100509726528 1.8880809887088752 
3.1192215795430367 1.5109690356388974 1.211992503630508 1.8846032168770432 
3.1108635367253976 1.512978619522898 1.2173516983979766 1.8764247374567007 
3.124654307374502 1.5096628061142972 1.2130351575964955 1.8831700649002965 
3.115460460275099 1.5118733483866977 1.2159128514641497 1.8786731799378993 
3.1108635367253976 1.5129786195228982 1.2173516983979766 1.8764247374567002 
3.119012628472595 1.5110192752359977 1.2189156793469587 1.8742750094915808 
3.119169341775426 1.5109815955381725 1.2137232975596206 1.8820211650306775 
3.113167830736245 1.5113930175892452 1.215876204765679 1.8795852110972082 
3.118893591040446 1.5108456287887964 1.2160686610824216 1.8798721933547755 
3.1216332465140395 1.5116230128835513 1.2148761685935154 1.8780940018545396 
3.117341019909068 1.5114211920127976 1.2139526775473288 1.8816381984074713 
3.1107982044663887 1.511143580505217 1.216029028836274 1.8817903895441375 
3.1094901666529546 1.5120699404581823 1.2148167202242943 1.8809712961385827 
3.11337709491551 1.511861013092202 1.2144794342703447 1.8819513209168375 
3.113220146781061 1.5115100164649844 1.2155270121418456 1.8801767385521155 
3.1164007400920832 1.5116472701997477 1.2149327645057393 1.8801556891726854 
3.112475313464027 1.51197164442244 1.215364785844222 1.879822238038241 
3.113129332370744 1.5115084644459573 1.215970940150212 1.8802317847410184 
3.1143141455056718 1.5116331829879714 1.2158945281149145 1.8791291955175538 
3.1144187775953043 1.51186718073945 1.215196142867247 1.8803122504273684 
3.1162483133425125 1.5121712574282102 1.2147323321904673 1.8792498940470785 
3.1187888321884722 1.511807883954613 1.2150222596695797 1.879373268754275 
3.1160574516086106 1.5122125650547378 1.2154990285899827 1.8786486074106254 
3.116314917971215 1.5117885939134952 1.2150743305268001 1.8797789187321703 
3.117124646231786 1.5118406161706552 1.2154675555668648 1.8790232243460872 
3.115854386808806 1.512022302907454 1.2153225918273085 1.878961536992489 
3.1149396189352014 1.5118702645630737 1.2155544971656984 1.879492715182634 
3.1159306001835914 1.5117603092932228 1.2154228079849445 1.8794144345552923 
3.1172454278144404 1.511878023815941 1.2155084062559354 1.8785434727332495 
3.1151207913091827 1.5119263760310027 1.2156157731993043 1.8787730877633777 
3.1139376914738994 1.5119131444932474 1.2156286059819181 1.8793676468912799 
3.116418493729305 1.5118868039852678 1.215538456187431 1.878749516272757 
3.1156107859397837 1.5117011159406413 1.2159223525906064 1.8788435722721744 
3.11579348659155 1.511942006165751 1.215472532018133 1.8789320458124104 
3.1156955302293454 1.5118168288399603 1.2156678297245471 1.8790438072465958 
3.115939477002202 1.5118800761859827 1.2157256538257903 1.8787113481053281 
3.1152906257921407 1.5118998622088502 1.215764312331727 1.8787231338506385 
3.1156574235419523 1.5119478256470757 1.2156177216457291 1.8788173584651942 
3.115478463076351 1.5119837273743428 1.2158424399091508 1.8784187029329342 
3.11500400934057 1.5119723056225005 1.2158430088495877 1.878604839488005 
3.115705610086794 1.511903133545112 1.2157549925817397 1.8786847209509974 
3.1154694616757252 1.5119285378805203 1.2158776456866502 1.8785459414354166 
3.1155589419085254 1.5119105870168867 1.2157652865549395 1.8787452692015467 
3.11537554303362 1.511886605297774 1.2158385818979385 1.878698156894269 
3.1156999686386504 1.5118767122863401 1.21581925264497 1.8786922640216137 
3.1154437749030217 1.5118720149087792 1.215958879291915 1.8785595019430525 
3.1151746513050815 1.5119035409505455 1.2159747265253569 1.878546126083705 
3.115568639305258 1.5118834194523916 1.2158581211150667 1.8786557295371367 
3.1154180016543593 1.511879976842236 1.215875716681044 1.8786856684160842 
3.1154649609754124 1.511900943133609 1.2158952485754 1.878609560686658 
3.1154521175890606 1.5118726816477386 1.2159358653780323 1.878616340940476 
3.115580214456875 1.511875030336519 1.2158660520545599 1.8786827219797564 
3.1154904360122853 1.5118495754729866 1.2158999942134932 1.87871939495045 
3.1154713297346306 1.5118881012184535 1.2158964349849233 1.878637019252606 
3.115484067253067 1.511862417388142 1.2158988078039699 1.8786919363845018 
3.11547451411424 1.5118816802608757 1.2158970281896848 1.8786507485355801 
3.115565651563278 1.5118713934736796 1.2159301818621693 1.8786258272807719 
3.115454914131589 1.5118778310000969 1.2158893329763254 1.878670708132256 
3.1154674871946693 1.5118775143237868 1.2159049398269173 1.8786619642367397 
3.11545628893208 1.5118730150172182 1.215924358421091 1.8786447604391876 
3.1155203373659868 1.5118741893616083 1.2158894517593548 1.8786779509588278 
3.1154392309647294 1.5118766626144668 1.215894284072597 1.8786794241769917 
3.115470671574279 1.5118710933662087 1.215905533031679 1.8786756935197138 
3.115392988507107 1.5118728703306874 1.2159290617354037 1.8786585780780682 
3.115488500151267 1.511873859603878 1.215899354253367 1.878673107738638 
