3.2171340528496417 1.9485265728429901 1.2146761051500194 1.258638252062426 
3.377990755492124 1.9485265728429901 1.2146761051500194 1.258638252062426 
3.2171340528496417 2.0459529014851396 1.2146761051500194 1.258638252062426 
3.2171340528496417 1.9485265728429901 1.2754099104075205 1.258638252062426 
3.2171340528496417 1.9485265728429901 1.2146761051500194 1.3215701646655473 
3.0562773502071594 1.9972397371640649 1.2450430077787698 1.2901042083639864 
2.895420647564678 2.021596319324602 1.2602264590931447 1.3058371865147667 
3.1367057015284 2.021596319324602 1.260226459093145 1.305837186514767 
3.1970269650193313 1.9667940094633931 1.2260636936358007 1.2704379856755112 
3.126652157613245 2.0307300376348034 1.2659202533360359 1.2173391844166277 
3.1945135790405423 1.9690774390409436 1.2274871421965234 1.2955124196033174 
3.136705701528401 2.021596319324602 1.2298595564643946 1.2743712302132062 
3.136705701528401 1.9728831550035275 1.2602264590931451 1.2743712302132062 
3.126652157613245 1.982016873313729 1.2355533507072853 1.2802710970197488 
3.136705701528401 1.9728831550035275 1.2298595564643946 1.3058371865147669 
3.091464753910202 2.0139848873994337 1.2554816305574026 1.253721696390307 
3.102774990814752 2.0037094543004574 1.2490761120341505 1.266750568921422 
3.136705701528401 1.9972397371640649 1.24504300777877 1.2743712302132062 
3.09649152586778 2.0094180282443332 1.2374512821215822 1.2822377192885963 
3.131678929570823 2.001806596319166 1.2327064535858399 1.2773211636164774 
3.136705701528401 1.9972397371640649 1.2298595564643946 1.2901042083639864 
3.1744064912102328 1.999523166741616 1.2312830050251176 1.275846196914842 
3.15492774987462 2.0019968821172953 1.2328250742992337 1.2774440775082807 
3.134192315549612 1.9995231667416153 1.2312830050251171 1.283712685990232 
3.134192315549612 2.011701457821884 1.2312830050251171 1.2758461969148418 
3.134192315549612 1.9995231667416153 1.238874730682305 1.2758461969148418 
3.1140852277193014 2.0056123122817495 1.235078867853711 1.2797794414525367 
3.153042710390528 2.000664881530391 1.2319947293054787 1.2765836802656598 
3.143303339722721 2.001901739218231 1.232765763942537 1.277382620562379 
3.1374911346467718 2.007943313308833 1.236531971592782 1.269485403014038 
3.1391405441953513 1.9938859499720385 1.2391564548766145 1.2741714951390262 
3.1366664298724816 1.990615412816692 1.2352197299508663 1.282875335102324 
3.1275357698714132 1.991013823706525 1.2402129206052757 1.2777244748239558 
3.13147766233424 1.9937358025844514 1.238351131439591 1.2776390112585616 
3.1341726797216523 1.9962110045679289 1.233963091768353 1.2800982493594009 
3.1329356225602174 2.0006648815303905 1.2357905921340724 1.2765836802656596 
3.135409736883087 1.9978462731456021 1.2359314542312272 1.2757463293777518 
3.1374911346467718 2.0018541677686983 1.2327361087641884 1.2773518920894282 
3.1345850321087974 2.0048749548139995 1.234619212589311 1.2734032833152575 
3.1342757678184388 1.9983769921294465 1.2341271219735925 1.278424507848365 
3.13230727606552 2.001235738924778 1.2342485228599562 1.2769524219410684 
3.1345850321087974 2.001830382043932 1.2327212811750141 1.277336527852953 
3.133544333226955 1.999826434732384 1.2343189539085335 1.2765337464971145 
3.132925804646238 1.9990088004435473 1.2333347726770965 1.2787097064879391 
3.13313198083981 2.0033407755665826 1.2336628330875754 1.2753622234658677 
3.1323072760655197 2.0042803116948456 1.232350591445659 1.2769524219410684 
3.130127699162039 2.003501329208754 1.233762919314501 1.275957587629288 
3.1334706988721077 2.0022481188351375 1.2329816907098858 1.2769917927970367 
3.1319931028181713 2.0015211676219717 1.233477488222898 1.277136792778773 
3.1324054552053164 2.002573685942874 1.2331846433367075 1.2763416935411724 
3.1319931028181713 2.0030434540070057 1.2325285225157494 1.277136792778773 
3.13313198083981 2.0018184891815487 1.232713867380427 1.2773288457347152 
3.1326116313988894 2.000816515525774 1.2335127037471867 1.276927455056796 
3.1324569992537104 2.0013732501460817 1.2332666584393275 1.27697978948729 
3.132843579616658 2.0022648431728634 1.2324583231482527 1.2768489534110548 
3.132205722017793 2.0017070865096946 1.2332226969542366 1.2770648329368433 
3.1312415721840114 2.0019118202773587 1.233476358777629 1.2765248940561766 
3.1326593786758603 2.001841821955501 1.2329044902297275 1.2771278578150804 
3.1320177434811853 2.002591345217536 1.2327424836139285 1.2769479844674967 
3.132347185310579 2.0016777739139453 1.2331356147329777 1.2769718382323418 
3.132169154123342 2.0018242091373333 1.2328054719077837 1.277224510715779 
3.131942325794308 2.00175684141443 1.2329645752700382 1.2771929982766603 
3.1320421923880697 2.00219014113102 1.2329455484612737 1.276831428578825 
3.1320679644122666 2.0015899232326237 1.2329865560125837 1.2771504765518837 
3.1318869945622994 2.0012986439207565 1.2327859799268492 1.2776131460015754 
3.131618953046506 2.0014017933061545 1.2329163104898717 1.2774143815075196 
3.1313438525080883 2.0011905853905656 1.2329717297809157 1.27750931690339 
3.1314956370747016 2.0015420142476295 1.232700103623716 1.2776203681492329 
3.131638718909093 2.001553991493878 1.2327717167209329 1.2775028952498957 
3.131469472250053 2.0012736711055474 1.232625655091709 1.2777327949110737 
3.1318241124082444 2.0016360488372094 1.232879845225456 1.2773279474352637 
3.1316489413086646 2.00160419481266 1.232811382037856 1.2773677725619985 
3.131752973804403 2.0013502186134557 1.2328511452083606 1.2775137637545475 
3.1316288359777995 2.0014778924000165 1.2328440136054022 1.2774586383787077 
3.1317806394204073 2.0015793173602923 1.232940442879955 1.27730368989209 
3.131585711072286 2.001681380326106 1.2329049292981815 1.2772584774156104 
3.131627526755315 2.001598589897944 1.2328914832757263 1.2773222990003448 
3.1316238945121526 2.0014398428530855 1.2328801620476368 1.2774365099431138 
3.1316997962334567 2.0014905553332234 1.2329283766849133 1.2773590356998048 
3.131633947177585 2.0015029940594076 1.232863846263864 1.2773910770347592 
3.1316859634254546 2.001376005959805 1.2328837278491163 1.2774640726310336 
3.1315815828473927 2.0013697627560028 1.232843646640331 1.2774939848584081 
3.131611136193908 2.001399960900308 1.2328648291514765 1.2774602475687575 
3.131651105409574 2.0014005342597523 1.2328841948295275 1.277428379427921 
3.131630697236508 2.001430015704752 1.2328811702431095 1.2774344773143156 
3.131673644249119 2.001455443614752 1.2329076982715041 1.2773917566750561 
3.131626763207711 2.001413831578919 1.2328755464314836 1.2774431248453322 
3.1316521161921207 2.001417296747391 1.2328885452740581 1.2774218506950064 
3.131636051975411 2.001426835965412 1.2328830140008467 1.2774313206594883 
3.1316467614532177 2.0014204764867314 1.232886701516321 1.2774250073498337 
3.1316440840837663 2.0014220663564015 1.2328857796374524 1.2774265856772473 
3.1316524582359806 2.00138889963298 1.2329000191694939 1.2774392270692765 
3.1316264501120457 2.001452393682781 1.232890078376868 1.2774027292711394 
3.1316228581271086 2.0014078124425367 1.2328959284606777 1.277428753176426 
3.1316275025109586 2.0014143146357832 1.2328996622453592 1.277422851083504 
3.131595423662329 2.0014492574006475 1.2329009706168943 1.2773951304500177 
3.131609682305742 2.0014341679587306 1.2329007327550443 1.2774061546048325 
3.1316381995925675 2.001403989074897 1.2329002570313439 1.2774282029144617 
3.1316168116274485 2.001426623237772 1.2329006138241192 1.27741166668224 
3.1316227015792757 2.001427093494468 1.2329031944333697 1.2774085553893295 
