2.987104508170712 1.5731160530511783 1.8382830217309194 0.9845802299793022 
3.136459733579248 1.5731160530511783 1.8382830217309194 0.9845802299793022 
2.987104508170712 1.6517718557037373 1.8382830217309194 0.9845802299793022 
2.987104508170712 1.5731160530511783 1.9301971728174654 0.9845802299793022 
2.987104508170712 1.5731160530511783 1.8382830217309194 1.0338092414782674 
2.8377492827621764 1.6124439543774578 1.8842400972741928 1.009194735728785 
3.0617821208749803 1.5829480283827482 1.8497722906167378 0.9907338564166728 
2.987104508170712 1.6124439543774578 1.8382830217309194 0.9845802299793022 
2.987104508170712 1.6124439543774578 1.8842400972741924 0.9845802299793022 
2.987104508170712 1.6124439543774578 1.8382830217309194 1.0091947357287847 
3.0617821208749803 1.6124439543774578 1.8382830217309194 0.9845802299793022 
3.0244433145228458 1.6321079050405976 1.7923259461876464 0.9968874828540434 
3.0151086129348124 1.6271919173748124 1.8153044839592827 0.9938106696353581 
2.9964392097587456 1.617359942043243 1.8612615595025561 0.9876570431979874 
3.0104412621407954 1.62473392354192 1.826793752845101 0.9922722630260155 
3.0361116915078883 1.6382528896228288 1.8325383872880106 0.9638117407531761 
2.999356304005006 1.6188961881888004 1.8368468631201922 0.9978489869848826 
2.998772885155754 1.618588938959689 1.83253838728801 0.9884262465026588 
2.987104508170712 1.6321079050405976 1.8382830217309194 0.9845802299793022 
3.024443314522846 1.6124439543774578 1.8382830217309194 0.9845802299793022 
2.987104508170712 1.6124439543774578 1.8382830217309194 0.9968874828540435 
3.0116080998393002 1.625348422000143 1.835410704509465 0.974195985366239 
2.967851686145393 1.6318006558114861 1.8339745458987373 0.9813111159344489 
3.010295407428483 1.6172831297359649 1.8372059027728738 0.9837629514680888 
2.981999593239756 1.626961480452979 1.835051664856783 0.9821283944456622 
2.989073546786938 1.6245418927737258 1.8355902243358055 0.9825370337012689 
2.999356304005006 1.6188961881888004 1.8368468631201922 0.9793881076727706 
2.987104508170712 1.6222759297090277 1.8382830217309194 0.9845802299793022 
2.992938696663233 1.6155164466685734 1.8354107045094648 0.9865032382409804 
2.9986999577995976 1.6148635420567112 1.8377444622518966 0.9841715907236954 
3.001945225148562 1.6085841359367437 1.8358595040753167 0.9827413533290724 
3.000614300898706 1.6118774636112827 1.8389562210796975 0.9789374026114401 
2.9948575977221013 1.6146067009042508 1.836297083652023 0.9846117793335953 
2.9880639587001463 1.621821056826866 1.8387262113021987 0.9836345005256094 
2.99153427531225 1.6185118266043357 1.838009534495478 0.983411213726475 
2.993230406087859 1.6156700712831291 1.8375649424255558 0.9819841688260365 
2.9929022329851547 1.6136537482170845 1.838013741991408 0.9843759103514989 
2.990981052946407 1.6135253276408543 1.837290052691471 0.9845960046564488 
2.994524866659637 1.6105140451571007 1.837071262903118 0.9836607916541873 
2.987584233435429 1.617132505602162 1.8385046165165593 0.9841073652524559 
2.992789708353585 1.612168660268366 1.8374296013064784 0.9837724350537544 
2.992032374852248 1.6134428894321646 1.83835560103571 0.982760367448847 
2.991769544375788 1.6134634989843373 1.8380892139496505 0.9832192767507475 
2.9912438834228667 1.6135047180886817 1.8375564397775306 0.9841370953545483 
2.9916381291375576 1.6134738037604235 1.8379560204066205 0.9834487314016978 
2.9928459706693697 1.6129112042427254 1.8377216716489433 0.9840741727026266 
2.993010057220722 1.6139193657757476 1.8374972718660172 0.9828783019398954 
2.9899471082621485 1.6123063073229118 1.8378563115186988 0.9841763325165283 
2.9922796263646863 1.6128160796263518 1.8377594076280643 0.983495855902251 
2.9955155730420326 1.6136013476336837 1.8373476647060527 0.9829340502827355 
2.993951511821143 1.6133415224093488 1.8372953011043633 0.9824661488866914 
2.993122355957313 1.6130187837843812 1.8376150790127983 0.9836721667486428 
2.9941526406978087 1.6128850039510247 1.8373886330062654 0.983353242668245 
2.992899882787153 1.6130440130220567 1.8374634365862477 0.983325368496825 
2.9925346673591355 1.612492369947359 1.8375945044672712 0.9836341454780027 
2.9928178395114773 1.6125399322555456 1.8375756364777107 0.9839233038781905 
2.9913684083078667 1.612237483795639 1.8376429564125885 0.9839743837851413 
2.991978493892393 1.6124313312611651 1.8374896129085823 0.9834298625286713 
2.991435756169337 1.6116209096142073 1.8376149009612126 0.9840800449259598 
2.9925338511326993 1.6126882371700944 1.837501302679989 0.9835140376041087 
2.9923841011229886 1.6122999957647655 1.8374596071075304 0.9836011487912129 
2.99266218785636 1.6123305151078626 1.8375120528868747 0.9837032902658785 
2.9920790583307255 1.6122030720320026 1.8375362788595333 0.9838734094194479 
2.992844795570369 1.6126063366452112 1.8374465189463631 0.9835489017752896 
2.9923866438324733 1.61230851724731 1.8374239502230783 0.9836946572539739 
2.992455529838445 1.6123140167124481 1.8374459758890276 0.9836968155069499 
2.9925869047382867 1.6122343280165659 1.8374446042070045 0.9836867919224836 
2.992434383342155 1.6121858661501842 1.8374829400830057 0.9838229222366012 
2.992817251961977 1.6123874984567887 1.8374380601264209 0.983660668414522 
2.9927259481049724 1.6122495876881144 1.8374708270966766 0.9837378626598166 
2.9924512203075224 1.6120317226048262 1.8374759262201614 0.9838493375218059 
2.992542728221136 1.612120666567817 1.8374664596967265 0.9838021702449851 
2.9924509142226094 1.6121051728133517 1.8374409755499306 0.9838042970690957 
2.992750744425654 1.612128547682866 1.8374078802970644 0.9837099249085582 
2.992680142873206 1.6120271956496346 1.8374278542180953 0.9838576217157131 
2.992656833339476 1.6120789787413674 1.8374320417153227 0.9838149142674057 
2.9926662182873605 1.6121446634180914 1.8374480305016023 0.9837873026493698 
2.992620311288097 1.6121369165408588 1.8374352884282046 0.9837883660614251 
2.992770226389619 1.612148603975616 1.8374187408017715 0.9837411799811564 
2.9926883065459355 1.6122014941424658 1.8374371027567413 0.983729613488119 
2.9926120458478698 1.6121772632092743 1.8374562706947417 0.9837976786451779 
2.992688967730383 1.6121975036623906 1.8374311010914806 0.9837567439748685 
2.992683280369628 1.6121842936013155 1.8374353334440108 0.9837643836434938 
2.992778757430753 1.612168419067229 1.8374123922729755 0.9837297204782183 
2.9927477221750953 1.612127650596419 1.837419204969093 0.9837978391303268 
2.992732868267805 1.6121461114829307 1.837423679416005 0.9837807827197748 
2.992705009820841 1.6121527884046123 1.8374324448673414 0.9837804005575898 
2.9927364943616066 1.6121764769348408 1.8374324673752445 0.9837684093486241 
2.992784232892169 1.6121685396677976 1.837420996789727 0.9837510777659864 
2.99273900744976 1.612185077205416 1.83743335203161 0.9837510242709367 
2.9927008771007273 1.6121729617388203 1.8374429360006097 0.9837850568494662 
2.9927633939443083 1.6121696451855532 1.8374264815924477 0.9837595725368563 
2.9927620654226406 1.612161608597133 1.8374284725236945 0.9837633068609444 
2.992755672657382 1.61216532568156 1.8374294712365822 0.9837645824828644 
2.9927765511489466 1.6121691527269597 1.837428041449463 0.9837660037953053 
2.992747359087213 1.6121607243364893 1.8374310230869098 0.983776417805672 
2.9927643579016725 1.6121768687368911 1.8374314766690443 0.9837617296623455 
2.9927631013575957 1.6121725686016033 1.8374310343408613 0.9837704222011893 
2.992774002071998 1.6121586842298177 1.8374283734228118 0.9837809097656149 
2.9927667689442536 1.6121723226101228 1.8374307008574862 0.9837665246881628 
