2.356194490192345 1.5707963267948966 -1.5707963267948966 1.5707963267948966 -1.5707963267948966 1.5707963267948966 -1.5707963267948966 1.5707963267948966 -1.5707963267948966 1.5707963267948966 -1.5707963267948966 1.5707963267948966 -1.5707963267948966 1.5707963267948966 -1.5707963267948966 1.5707963267948966 
2.30619449362176 1.5207963282758963 -1.5207963301252545 1.6207962513368794 -1.5207963573487273 1.620796315430096 -1.5207963385055736 1.5207963280162233 -1.6207963090975637 1.5207963334459167 -1.5207963283020751 1.5207963277429628 -1.5207963293514937 1.5207963286652328 -1.5207963296506126 1.5207963278451344 
2.3269715896866687 1.4710748006212404 -1.4722266169719764 1.5819229639329686 -1.4781580275223043 1.6652679806199362 -1.5571366776311537 1.4711146619191446 -1.6273475478162782 1.4757639603794281 -1.5306603831991714 1.471239012306382 -1.4749687045275455 1.5051113354981318 -1.4979245315562402 1.5289294972346523 
2.345849685894675 1.4339050767709063 -1.4224485402884197 1.552859232258672 -1.4677496533800165 1.7109488042929792 -1.557720075949225 1.4478844645480367 -1.6556687246618664 1.4690843515052796 -1.5080519829443026 1.4264844763940385 -1.4282974573769525 1.5307432404530201 -1.4631535812774974 1.545086914837385 
2.3243168815859425 1.4295770647204602 -1.384937652243501 1.5406144048408956 -1.4862304111691191 1.757931162631633 -1.5523672692583095 1.4357864307792652 -1.6920311187504298 1.4676496095811793 -1.4816300057884986 1.394413554602558 -1.425729378979152 1.5580114845079045 -1.4381013534540834 1.5432068011463578 
2.3079293397270413 1.4338741957266863 -1.3457984593822503 1.5568567543431826 -1.4668913907987233 1.8019704744403033 -1.5607103555370723 1.4219289797896957 -1.7340343152878663 1.464824435432887 -1.4691253667229347 1.3586816834390762 -1.4351736186312787 1.5795590777786137 -1.4051069693991913 1.5382021748414907 
2.304013356090402 1.4254215823908094 -1.300542465955412 1.5792756932743206 -1.4727020634948849 1.843984273162935 -1.566786868761838 1.397784479881756 -1.7727442382026486 1.4549031712404787 -1.4562594793514783 1.3509513866395042 -1.4590180948124312 1.597306959468738 -1.3969860905240032 1.5334710515237255 
2.3034938259757 1.415901069029537 -1.2510367940251814 1.594516931082706 -1.5037909041156436 1.8741515093503436 -1.5664468078745224 1.3661401228088188 -1.7887217207708244 1.4705945220552763 -1.4371129865928822 1.3336260606377683 -1.4530249066207088 1.6157072988444947 -1.422996228584251 1.5281839943814464 
2.2873998919576857 1.3904395988400469 -1.23976316541478 1.5969932830971783 -1.5272512929681334 1.913470931951695 -1.579822339275245 1.3311542687806266 -1.8210316932215795 1.4885322510541383 -1.4314434936817304 1.3167292346585462 -1.4520476424503392 1.6081342656512285 -1.461592952157312 1.5247756646715853 
2.2715458111510793 1.3805531220597003 -1.2265860761117344 1.5932868390749921 -1.5540485710719778 1.9544661182774896 -1.5870440438747777 1.3133411110539617 -1.8515600228675484 1.4861349095173129 -1.429779056378246 1.2956225496394471 -1.4463799518560454 1.6084819949329008 -1.5071804087950034 1.504646660851901 
2.2602661917070024 1.3653705962801512 -1.1962578799533046 1.5797108484831353 -1.582726691670827 1.9871231128437972 -1.6033187862207812 1.2812715717722423 -1.883170912980132 1.4725487535277 -1.4203410083751924 1.2682293488308636 -1.4543358933584016 1.6123871360309854 -1.5312258680043607 1.4890944063589968 
2.266798263739291 1.3527011743251482 -1.1652600005340403 1.5845140356994047 -1.6079483184626522 2.013888443764152 -1.6179933795127748 1.255170850335267 -1.9267895219313096 1.4784110934380237 -1.3961373088342894 1.239657953136245 -1.4612592354785925 1.6261184615159239 -1.546944270392321 1.4899416106067325 
2.2616203059284303 1.3370888092815398 -1.1388250825114745 1.587354663164882 -1.6397336232510415 2.0396279648007236 -1.6071148571247447 1.2273610552581875 -1.97649596620036 1.4848375868395036 -1.3715653816093094 1.2142924182464845 -1.4404466346401206 1.6447070233174628 -1.5746040669768284 1.5035503435016 
2.2622987220726998 1.3169485848745142 -1.1062596258370052 1.593189728205394 -1.6643154532040363 2.0766078194153175 -1.5860298905444588 1.2087767298492675 -2.024287469647377 1.5042084761423564 -1.3437401748306819 1.2027383773639733 -1.4204657176334863 1.6511733025712432 -1.5936569006759402 1.5141984100098727 
2.259277215603617 1.2809786067565638 -1.0627189680221147 1.5984855611773547 -1.679671873782454 2.10450152986969 -1.580880971019472 1.1729417053462639 -2.0730849781208924 1.5176023427543162 -1.3147660352226986 1.19150247016838 -1.3929406844777177 1.6657049164066111 -1.6176870136454875 1.51397860808412 
2.262942487911227 1.240170651894136 -1.0537636387007228 1.6181084333481128 -1.6783103465249403 2.13025588806836 -1.5907894676754755 1.1418003007502142 -2.1147524490051595 1.5501695594783385 -1.285082353713134 1.1713446951171929 -1.3796446473592605 1.680359471492573 -1.639055313108382 1.5244154641304257 
2.2530196271179395 1.211123527791338 -1.053876124024311 1.6478106102593704 -1.6999243776264696 2.15703430683236 -1.586543880263764 1.1110573392439198 -2.133349482766136 1.5776843009724661 -1.2571337565811256 1.147989861610821 -1.3769410277635838 1.6874437690456532 -1.6535417472913136 1.5292649841897226 
2.248741651132757 1.1831004603920854 -1.044838653190852 1.6836520665374763 -1.719589938074141 2.1802226663826225 -1.6022590827731216 1.0838651179814 -2.158107128278833 1.5987822214984468 -1.2196439785671096 1.1272746646716536 -1.3583388104861 1.705322749377881 -1.660274461339768 1.5380620711922754 
2.2393474889799903 1.1628132016100747 -1.03726240141669 1.7248859727307302 -1.7329456517906627 2.207352020278717 -1.6125742321477343 1.0579806842092359 -2.1812663981041327 1.6259657600691748 -1.1861030058672695 1.094209275297154 -1.3437964474899897 1.7171573083012917 -1.667119283427426 1.5484830489845158 
2.2160284594217257 1.1364501596284786 -1.027986482605032 1.760190953347255 -1.7409443207842363 2.244128974796152 -1.6316578239334294 1.034894094389001 -2.213436426845478 1.6447273191547915 -1.144268936928394 1.0590907339867506 -1.3123032216264483 1.728116112631955 -1.6795165397428395 1.5491721447237892 
2.1954771336057184 1.1196061373469743 -1.0077357602578612 1.796874246454021 -1.7401327850238306 2.279220148782243 -1.6467579881587657 1.0128970096819094 -2.2485062651341607 1.6606507975732383 -1.0972161856614882 1.0197178553365418 -1.2887083964758583 1.7311711062611566 -1.7016390261049557 1.5561402818903456 
2.1943130954827916 1.0953092405958769 -0.986182768163279 1.816036547047149 -1.7385731225211576 2.325322932443084 -1.659631160355257 0.987670764831655 -2.2783395688209085 1.6909374030247617 -1.0524905428155251 0.9785626519360242 -1.2815221750038819 1.739702347358801 -1.7141731537020057 1.5625779167202478 
2.1927548776516477 1.0652724199733477 -0.9722226426330594 1.8357582049120116 -1.7454284687356432 2.3753079916351334 -1.6722162221110946 0.9599522871698579 -2.3001507297861328 1.7250869706028662 -1.004188027672768 0.940425884370681 -1.2859732315876533 1.7471156486248234 -1.7291775456560243 1.5735834508145417 
2.1921143611601637 1.023974733219741 -0.943985722696464 1.8469134119024508 -1.751216495876469 2.4196254720220542 -1.6795389296503067 0.9354864601114088 -2.331681211871291 1.7623442569996892 -0.9631454312539607 0.8881796212772346 -1.3038388760698592 1.7324629172447215 -1.758501180910439 1.5903930028815227 
2.1895806075493898 0.9803040860165791 -0.9189168639662614 1.8605200786110723 -1.7484296727999542 2.4471036342875965 -1.6877553570608899 0.9107111408359905 -2.37570773789472 1.7882490822763137 -0.9170089784358434 0.849557445209442 -1.3137006382709344 1.7406704673879825 -1.7857847117389722 1.6077735985949115 
2.1979363898221047 0.9561393710645676 -0.895058885225713 1.873731667093311 -1.748568056433464 2.4707408288156696 -1.7045062684480483 0.8829650233229376 -2.4189284666944175 1.8169936243306999 -0.8782602222244691 0.8127706807162156 -1.320725847853673 1.7549212733094652 -1.8133251941377022 1.6089647733571661 
2.2023921369945736 0.9306242624526135 -0.8682618887784455 1.8922783257897355 -1.7602146486736403 2.4960551838421137 -1.7240782706289375 0.8479559048853628 -2.4626212259542877 1.8447465352052723 -0.8386527927049828 0.7730396512317768 -1.3206077837766796 1.7773813982055031 -1.8462808295648365 1.6137876340003805 
2.198914438756297 0.8999329680858938 -0.8260904522562559 1.91314691013299 -1.779459759352899 2.525359078497946 -1.7430774480121132 0.8094139538669278 -2.502289119317825 1.8718053462367257 -0.8103596075199015 0.7418170591724891 -1.3279913506425907 1.7832375641012894 -1.8904477582677497 1.6161848277047823 
2.192222878785611 0.8697996389206671 -0.793193512430427 1.9475739292128937 -1.8000368809431049 2.559532430284073 -1.748735392924113 0.7601215946328834 -2.5407729748242933 1.899334240677905 -0.7720551593041075 0.7026189885540277 -1.3196176081622177 1.797428347020266 -1.9297316790639059 1.6184500536222595 
2.188138041345631 0.8374681904435985 -0.7599915759000763 1.965888955270814 -1.8235758967272404 2.604016866351936 -1.7593780537380066 0.7132550967869695 -2.5894726000392505 1.9289628654480624 -0.7288413563250234 0.6634077205629045 -1.304153305510639 1.8097746275212254 -1.9553128682577616 1.618668864138112 
2.187109344292324 0.801098403661888 -0.7363903173615493 1.9855930530730108 -1.8472623503391086 2.654394120277443 -1.7841953655758684 0.6628106690594896 -2.630910918556142 1.9620212772829175 -0.6927788812386244 0.6152991969671362 -1.2731638946300907 1.8182735935774295 -1.9791412709878156 1.622485653564409 
2.1766005331439096 0.7667685152568218 -0.7172281775237299 2.0069366248338327 -1.8842522130502952 2.6966944192012465 -1.7971422309249523 0.6180363491408984 -2.6798397516570724 1.9978888581259657 -0.6599846376677995 0.5685720336891863 -1.24493605964713 1.8363432422342927 -2.0016953199710046 1.6310952036762694 
2.1736966686462496 0.7385696055205819 -0.6858322321765108 2.015422935056485 -1.9141455256830382 2.7404599393149187 -1.809270823836037 0.5729421648006536 -2.720436081081188 2.045387169650332 -0.6236669846666771 0.517306741320154 -1.2161745777871775 1.843251389057591 -2.015532692994902 1.6394804488163333 
2.175422732722376 0.7094586380821072 -0.6602681973382917 2.027953579300517 -1.9437287948054571 2.7800458208039758 -1.8246666696058613 0.5352358426430875 -2.7586487893685647 2.0865195372834076 -0.5847107423901323 0.4727657571177376 -1.1956995782274449 1.8585390599376654 -2.044821602050168 1.658460795264709 
2.178956275310024 0.6761290387928999 -0.6243730671059396 2.04402884697017 -1.9683286025885227 2.814429528408876 -1.839068217702576 0.5041119823909385 -2.8020157399923513 2.1357027209885184 -0.5455610054554751 0.4242619512608564 -1.1692097250869997 1.8733976779318298 -2.0720323119684267 1.681465530884815 
2.179909937555131 0.6493711448807838 -0.5867703037901179 2.0626283978784836 -1.9978976422985912 2.8572341352254274 -1.8578965621848282 0.47324940420969586 -2.8450094176530687 2.1848044607400796 -0.5085603433106516 0.3841200022173572 -1.1535876253333248 1.8795364962550878 -2.0949185925665215 1.700137067967009 
2.1813451650572713 0.6139133459530833 -0.5452220952615017 2.070270343206413 -2.0315048380904708 2.896371513749379 -1.875842394309424 0.4410396091881403 -2.880029155552232 2.226707074291998 -0.47469552188389114 0.35472346502866986 -1.1455409509984231 1.8891684189674318 -2.1184302751542 1.714248404603949 
2.1830316864640746 0.5872448904302312 -0.5034912651444913 2.087823349927575 -2.065710229882939 2.934128778283041 -1.8956798036992206 0.41479445521928227 -2.9073487564692595 2.2622677508470463 -0.4408118335330839 0.3281035328916933 -1.1310998320828287 1.899832254588237 -2.145356920715271 1.7263570907863164 
2.184514050056693 0.5612638671451906 -0.4759701286325862 2.1053518060454715 -2.096891623540548 2.9699210493403254 -1.9133698682384936 0.3947014879501808 -2.9389314359235383 2.2943302887438226 -0.41141111127789376 0.30562394037081625 -1.127750423318333 1.904735486402747 -2.1794724726921517 1.738604250265684 
2.18042560043433 0.5322304508435101 -0.46280446892096255 2.116938369421217 -2.128346584197482 3.000629695454598 -1.9242414110265584 0.367658475248161 -2.963318944488466 2.3270156320132407 -0.3855267287572789 0.2868468830897227 -1.1175219466749176 1.9080737285610314 -2.207912841952474 1.7435968838458173 
2.177687476282829 0.5096185598806561 -0.45347980583642483 2.1385270835025225 -2.1599469203756487 3.0281262409351757 -1.9393022666843587 0.32893600733118 -2.9813516040438572 2.352896229265496 -0.36805463792970633 0.2734133306586866 -1.1066573897421885 1.9166433050990845 -2.234072598190014 1.7538262239489615 
2.168021712751217 0.4901539761190724 -0.43942593156911364 2.161262698988978 -2.1809225229253384 3.05753315753904 -1.954625596609646 0.28936820232462834 -3.0043619040311924 2.375254122846442 -0.35896096039649733 0.25676154306336413 -1.0929051997228196 1.9245483801980503 -2.2594732121749126 1.7629229751227065 
2.1494595863535815 0.4762952851228384 -0.4282696786981626 2.189655555389637 -2.2085800881623676 3.075194163088031 -1.9753829353926196 0.24912170626813449 -3.0312788880922485 2.390522505579891 -0.34745463620212785 0.23691512901569511 -1.0821538571311193 1.924655079110113 -2.291471125024964 1.7758470677080753 
2.1370977247990792 0.44821900747742355 -0.4300979498567374 2.2059498064701266 -2.2363128601905298 3.091583193284105 -1.9992115608567662 0.21957496640932445 -3.0482409639918795 2.410512355458524 -0.34007729134155285 0.2048518793908385 -1.064158547729376 1.932577697453943 -2.314554851877985 1.7878358783144257 
2.127740058677159 0.4101586303953213 -0.4217615361516569 2.2165788658285837 -2.25237251389803 3.0976382328056316 -2.0141439797360214 0.18976454595482634 -3.0571772812322155 2.4405944977162166 -0.327207029136405 0.16862355255446512 -1.0449082022776754 1.93494930317923 -2.344778096174286 1.8123447463326847 
2.122915345435298 0.37435024706146297 -0.4058314698118049 2.2378537892647064 -2.269224735148506 3.1070732138099597 -2.0279104709375 0.15090661347438347 -3.068001753549807 2.459933085058302 -0.30577029276344986 0.12519414318165725 -1.0234464993786605 1.9307349794649074 -2.379491278230216 1.8294413652729133 
2.1211836497503684 0.34257404094861116 -0.3915917594242984 2.255361398179248 -2.2936030271832495 3.125686344668894 -2.0523374455615633 0.11196993306837069 -3.0762049578257544 2.477151880652733 -0.2887335108145788 0.09492258595581293 -1.0008008488436761 1.9238451323193217 -2.4204582523917835 1.855958988208164 
2.120899768219669 0.3101800099951118 -0.3845813594489171 2.2891619458361117 -2.323047558573026 3.135482873241589 -2.0737698403069875 0.08057203438560553 -3.0941139307550287 2.492884334091735 -0.27038280249959623 0.0653419371298457 -0.9799737351749772 1.9175324061638102 -2.4596735840926716 1.877141384640555 
2.112518486394177 0.27938522516606884 -0.38592533736864215 2.3148790263633847 -2.341110473826481 3.158897499034465 -2.092947815542298 0.05543904181087594 -3.1131524629872964 2.5101052922685163 -0.25547609705503393 0.03549532961779436 -0.9561852071267495 1.8996171356774236 -2.495176691892862 1.9056018571092055 
2.106497776364769 0.24599354281142904 -0.3876441101677224 2.330109407930568 -2.360899186753896 3.1813415626593464 -2.1032558479531063 0.02629626154730556 -3.1315802683583533 2.5275884345994672 -0.23817102873392548 0.019240732130281903 -0.9244136685276474 1.86967568874287 -2.5278817943684246 1.9476133960385724 
2.0970187027120715 0.21870938058300451 -0.37923094155886017 2.3554917747529833 -2.392795860208003 3.2010380995144723 -2.1182994143965987 -0.022868633115697683 -3.1447364096945205 2.538073967110258 -0.2084024249620261 -0.004689128837149514 -0.8849423450437736 1.837753618839043 -2.56052362642617 1.9905226350001584 
2.0810206563746076 0.2040755450175764 -0.36344412356487343 2.377896500531295 -2.422903549653906 3.2183096905069855 -2.1254439048385736 -0.06305045662135554 -3.1583885428876592 2.5556175476571954 -0.17373652798536846 -0.02766998664316991 -0.8452986151570668 1.8193428874738569 -2.5849676974135445 2.0224976105061025 
2.06945602483955 0.17837891165541087 -0.3518300614541935 2.3947217188912275 -2.4488189519199404 3.2403371830896517 -2.1240281958250895 -0.1051665859133343 -3.170496555515088 2.5729951242094615 -0.1441937474557467 -0.05486062509816714 -0.8096927801464571 1.7972313989309214 -2.594160737234715 2.0415019099624048 
2.0594759079706724 0.14486458461373028 -0.3415010418645313 2.409576058824852 -2.482854404094064 3.247340595999627 -2.1249544967989293 -0.13908141782996752 -3.1727142417634666 2.591765523187581 -0.11203059620598158 -0.07750816595661918 -0.7859758794788314 1.7683952246325827 -2.6246076802766125 2.0618385722186616 
2.0548429415910596 0.12322144984516713 -0.330690669802053 2.4279632000651197 -2.5139925515903756 3.2491044361076935 -2.1077283578818795 -0.1576814408032913 -3.178429584647205 2.6156663083700575 -0.08220192254364479 -0.09568837229959642 -0.7563745697108784 1.7390275840197016 -2.6468069224080617 2.088359318232802 
2.0574417489464225 0.0960021695884675 -0.32234817852523545 2.4453639592894607 -2.5342594682334108 3.2560875392614563 -2.0948072693288613 -0.18051826318292102 -3.1905368392200337 2.6480045058779536 -0.043354373308481235 -0.10679493629279638 -0.7189313440780138 1.7079129408589255 -2.6687194250628203 2.104512261747838 
2.057127282357749 0.058827562840370926 -0.32522430149708687 2.4699780840278804 -2.553675295221657 3.2752398935288904 -2.0819161966454 -0.19619511948149557 -3.213055204969065 2.680834881038101 -0.0023985323862950117 -0.12101484587225579 -0.6737910889368818 1.6690925779722487 -2.6865209656605167 2.125046403014638 
2.0587562123975496 0.029076724908459944 -0.3175730285907975 2.5066753811124727 -2.5714400947942226 3.298610586945842 -2.0703030229858226 -0.20424683393959148 -3.2230184967763384 2.715335190913784 0.028892230914544938 -0.12414849829097187 -0.6187824661368204 1.6452058585185563 -2.7093482828185613 2.165435991733997 
2.063757465761203 -0.00039644195252548295 -0.3111606982864101 2.545331131579874 -2.5969518468846973 3.301039312682758 -2.0645004727174645 -0.2133517913425147 -3.234337367229296 2.7601624307751877 0.044264703763616464 -0.13430683949303637 -0.5661363724945966 1.6090468502168578 -2.72863603221767 2.204317556872351 
2.0709772578878365 -0.0055503559397202 -0.29480909638326425 2.587005218780678 -2.6209643911941978 3.2900788577013955 -2.070328748741668 -0.21961854164313788 -3.2399016869087918 2.8018116404814335 0.055868356086071116 -0.1481030394745324 -0.5063503002468744 1.558274265961478 -2.7393551384050814 2.2408646881082346 
2.076815400557637 -0.01623363250854503 -0.2843744870777125 2.6234808853661384 -2.6374074023346976 3.2796505004704133 -2.0850566906182193 -0.22634538796869233 -3.2385623672259714 2.838042079502403 0.06308105595903833 -0.15038329437677875 -0.4508357323336464 1.518602013216164 -2.7490778629236146 2.2815961829167573 
2.0772583372275353 -0.0066185931290024345 -0.27445276285243503 2.655191345712941 -2.656028809681698 3.2822237178267373 -2.103704755627027 -0.21716037347816067 -3.242970841872849 2.8870661332203724 0.07163227195483542 -0.15049201750496213 -0.38895887046247013 1.4616866615578643 -2.767060448384194 2.31835493380328 
2.0756576950753547 -0.0027911017249078107 -0.2598350778563457 2.689335707560385 -2.6760047735681893 3.2811205473005693 -2.1031512624307074 -0.21445064073319606 -3.237722807967986 2.9325830662039873 0.07619431240439012 -0.14344080103078685 -0.3375219110122737 1.3983569591319127 -2.791314558027721 2.34859834807924 
2.0738311089478447 0.008478177212052605 -0.2571022955398134 2.717723161931905 -2.698233852004349 3.273369303547174 -2.09591731869419 -0.21859441870296795 -3.2317595453155725 2.978314085088854 0.06984141731103996 -0.12745868005075445 -0.285112955330114 1.3432358090594612 -2.809096056732687 2.3754205205796013 
2.0743914418593494 0.0014718727170032978 -0.25764022250782737 2.7410641411214587 -2.7080468788154852 3.2733566942021595 -2.0820833757502415 -0.22910827544876256 -3.2262710168419027 3.018556456114688 0.0586754720887335 -0.1222411582034339 -0.23152832568301432 1.2948027529067505 -2.8173930734466985 2.4031907491220315 
2.075175894160429 0.0050557117073958945 -0.25845662983446166 2.756884326525385 -2.7167183545286893 3.267362850233322 -2.076320191986102 -0.24871299994900592 -3.2324973902394984 3.044405758311328 0.047605989984234695 -0.12577935439085092 -0.18534814102749309 1.245003643970243 -2.832201121079676 2.4437287440766853 
2.0767674235542857 0.0020574036411535874 -0.25298163483504366 2.7849067395065354 -2.725393293790048 3.261578757805334 -2.0689799786190157 -0.26404149720984427 -3.2304888935869287 3.060768108188802 0.050567632467056506 -0.13167853714031574 -0.1390326208268808 1.1909261413732157 -2.8476944180131945 2.4837519547148057 
2.072785721352348 -0.0047628717272434964 -0.2399572425722526 2.8202645879933756 -2.7278971060063326 3.251292496698222 -2.0591317008297687 -0.27167841276573323 -3.227090229005776 3.0638534017181374 0.045148523755148245 -0.131811824318443 -0.10091137997382352 1.1207367444907452 -2.8635251657512986 2.5138801568094493 
2.0684016824439615 -0.019060471884803965 -0.24562412913629247 2.854792132003009 -2.730736291326533 3.2469488648108533 -2.0490468162565065 -0.27448322731106234 -3.2265793901472883 3.0599635887981105 0.030523693014009326 -0.1250500001791564 -0.07530591086728206 1.0564153831080876 -2.866378745529036 2.548385978811959 
2.061457299072778 -0.04176906792401375 -0.2454005322727724 2.891619696617388 -2.733980114554091 3.249705340311434 -2.0573955179550385 -0.29308358732153694 -3.2225941573491053 3.0543152180393096 0.020963486304088716 -0.11639462306408713 -0.05427954786944718 0.9930491899501829 -2.8845699984132516 2.5922683486688416 
2.0532156400417936 -0.07225474147863684 -0.22989823656160072 2.910618205542343 -2.743819165860425 3.248087397931386 -2.05930182309401 -0.3005361043378661 -3.2128386745703037 3.060845934017225 0.01243533620544034 -0.10658313218998622 -0.027208993880147744 0.9322659862571525 -2.8929909961493094 2.616653558515547 
2.0457519794248284 -0.08708616645709155 -0.21293449509180037 2.93415089573934 -2.7414912836948395 3.256172219235804 -2.055706693989606 -0.3005067159623598 -3.2145072979170988 3.0517997570657145 -0.001993707496413937 -0.09070512203428192 -0.0037078033245247013 0.8769757653547379 -2.910163160443623 2.6420177795465376 
2.038808743505674 -0.11180844911285114 -0.17293975197670544 2.947936079715361 -2.739674409671263 3.2566072602581775 -2.0446061347557687 -0.29016876712976764 -3.2116056765289627 3.0278980812383045 -0.024505040969356004 -0.08154137786238731 0.0248212924131142 0.8261745799708669 -2.9502124057262216 2.66040984028213 
2.034353056894107 -0.11983032639490744 -0.1434035281256847 2.964515215312179 -2.738634444432969 3.252724423479561 -2.0440255214318808 -0.28450505140074234 -3.200645014045295 3.0087683567379155 -0.03398986377103422 -0.06831025884583986 0.06096345915871389 0.7705615383520455 -2.9769131097234918 2.6815677331229746 
2.028757957006802 -0.11689478999008225 -0.11703332021442976 2.962431312942052 -2.7384606341210893 3.2398087906225754 -2.052304849845263 -0.2782915476978271 -3.184561448420679 2.989244028919296 -0.03664764226679179 -0.05169498669480441 0.08397742456445106 0.734079267089503 -2.9982515979229576 2.711266800022792 
2.021710918737529 -0.11692007143141203 -0.10337709215654194 2.9781830599336727 -2.752862347807332 3.2240897533698076 -2.065917248047059 -0.26145641744196013 -3.1574165945375685 2.9757325852831715 -0.04681361690503179 -0.048913700285818 0.11521482111575351 0.7004252826610208 -3.0110291497420416 2.7387936289612664 
2.0155981539380696 -0.09632228057863229 -0.09354493395030716 2.9928507127910757 -2.7666674336840025 3.192925035299897 -2.0695493097052258 -0.26152666680339337 -3.1528571170881747 2.969415832125892 -0.060540822561439056 -0.05211786001367244 0.1343245870544101 0.6529878912372737 -3.0164395572611475 2.762744838511601 
2.0085728654869284 -0.0839549755311241 -0.06980469168143955 3.0044686934403515 -2.7787418554504653 3.2025765415548304 -2.067469996014249 -0.24491321415833264 -3.1253080920071152 2.936463780671118 -0.08146084341756192 -0.057665680232272885 0.1585538038453981 0.6043345507527945 -3.0350430245358706 2.766165166339204 
2.006209930192433 -0.060422269164471715 -0.033977420562769145 3.0033881875343433 -2.796030788372438 3.2037785022398872 -2.054886391607556 -0.2318789831865089 -3.103619081647745 2.928796962161922 -0.10044176204516517 -0.05752943647399959 0.19245299468688026 0.5607359751934943 -3.053180429949215 2.771636985840276 
2.0055301893515827 -0.05435521697043279 -0.0023968420818482952 3.017595217861632 -2.8058350683881805 3.2107580964060296 -2.037909528370165 -0.22772312685835522 -3.074531790089785 2.943909180220061 -0.11223151375285045 -0.06741982839525659 0.21235130826024357 0.5084795015256607 -3.08020152867176 2.797707453931513 
2.0043163266182438 -0.05703092784057299 0.01587100044657808 3.031850193155187 -2.8241927237326316 3.2181073492593595 -2.0311351410356786 -0.2137135406136666 -3.0537653551351944 2.9657524312307157 -0.1080646877816448 -0.08485053944189545 0.22249856730110973 0.4617044227112918 -3.0956441698228407 2.831307251569332 
2.004504513070893 -0.07012633915891836 0.020544456780880398 3.05057130791812 -2.854628537827298 3.2208643622530166 -2.022003650095834 -0.21037725835032597 -3.0595065783445237 2.9879868868991073 -0.10250408405621211 -0.1039699088050465 0.22036930267981517 0.4083021126179487 -3.104402666843834 2.852000485970819 
2.003525685472526 -0.09494552789515531 0.018213452116882363 3.0632942699720984 -2.8765869764383005 3.221513160744867 -2.023859644085814 -0.20440174143925172 -3.0590661414233424 3.0107282420311017 -0.10632612961216789 -0.11528259929216879 0.19893189002688544 0.3559244203940901 -3.1203306239137887 2.884633793731997 
2.0054397497209027 -0.12201026793590639 0.02597742498737723 3.075511153835812 -2.88275523761916 3.218229696093905 -2.00159505067839 -0.19582940817685335 -3.0720151101623134 3.0427243457324145 -0.10309758665474018 -0.12501771298079317 0.1742744853067585 0.3040714850384547 -3.1261172919266667 2.9155930763717923 
1.9995276815145844 -0.13485652708457405 0.029021857342069277 3.08980760686045 -2.893629036124512 3.188828760484516 -1.987707096532848 -0.18365650772135467 -3.0899461463151487 3.0774914477131783 -0.1004646009818453 -0.12693256306512263 0.1528616656375281 0.2634229996020158 -3.1125209081090395 2.950790080102127 
1.9843641891091195 -0.15152738769900212 0.020817760017097883 3.101631521452941 -2.886587874172655 3.17514888803881 -1.9728095583849043 -0.18668776009828297 -3.1215578976697143 3.110614168947064 -0.08552496641007708 -0.1163534008686815 0.13380787009452744 0.21877576665975035 -3.102920162838435 2.972727122057016 
1.9694293765192403 -0.16197637686226377 0.016470732157052997 3.110807320138482 -2.906057881413225 3.1815674368810574 -1.9455608773632678 -0.18973099186026068 -3.15612283300551 3.1420869535017486 -0.06147453238251625 -0.0897445147168141 0.10832646407850684 0.1903297127118449 -3.082858681832163 2.9790678182721084 
1.9492128408554188 -0.16829327588537304 0.014711676123322222 3.11718048330548 -2.9197989586751887 3.201336699712651 -1.9261770949518227 -0.19643095801534333 -3.1927275116088527 3.1737639750425073 -0.04120674663390839 -0.07212177438643579 0.06688613237563262 0.14632005422013405 -3.083022073147968 2.970274972677914 
1.930441064628857 -0.17459190084920348 0.004392673981894878 3.1388275447460825 -2.948210264313508 3.2224254119106894 -1.9115439701004302 -0.22050012874416025 -3.2194477859122035 3.1978261060601816 -0.0031763244935059665 -0.04423623851285723 0.041079949864341214 0.09834451866678305 -3.0637366718928445 2.9649396615993324 
1.9114901122756953 -0.17734735805471108 -0.007332388679194892 3.1765698190712137 -2.9733820316775077 3.24413834196956 -1.9009009263241177 -0.24254222553916474 -3.2430192917977982 3.2303495256437116 0.04702665408048205 -0.009483679864131928 0.025082484293355193 0.06849738988302227 -3.0374144582622304 2.960716283977103 
1.8911751164993373 -0.18994184184413435 0.009274408252030573 3.2018499409053076 -3.0175039983703407 3.255147329498445 -1.899527675033807 -0.27395886071839287 -3.254969162980877 3.272499067237419 0.059219774558503205 0.025567966973914585 0.011591534222703967 0.032630775981347615 -3.013871267482704 2.964623031616186 
1.8754925993399107 -0.21593306243937194 0.02855952729182131 3.2344897163345703 -3.027828166384924 3.2733948312017738 -1.8988239154356674 -0.29501806072619635 -3.255366894759524 3.307717164381552 0.05116081206032702 0.04750055114733079 -0.00869338260909272 -0.008144498792745383 -3.0229760417600264 2.9780214803322456 
1.8659606395962698 -0.2233578199824564 0.03373730370279599 3.256884872026731 -3.0516244168502262 3.285088887992792 -1.8811100088928763 -0.3315552229417315 -3.252451080532845 3.328025568993625 0.05184183542571279 0.03960038294085467 -0.01960725158841721 -0.04280968309197438 -3.038677885919921 2.9590458730973648 
1.8520267618880168 -0.23123823931083792 0.018087121324325824 3.245343589376694 -3.0685438945253414 3.2821882845670256 -1.8936314843736908 -0.36448561885241837 -3.261329156602954 3.366658112093084 0.04749009567961171 0.05825021643953527 -0.01946912441245723 -0.05611862474724509 -3.063884375246025 2.93291878463356 
1.8369748065048155 -0.23354402238939284 0.037896539717272505 3.2269408024030275 -3.048705789576681 3.274611992224045 -1.881319517032979 -0.39261557764359495 -3.26331711853588 3.3862261581975153 0.0587153748229398 0.06043749605040317 -0.013327836981373704 -0.07031492065410813 -3.0999595588827717 2.896847398391613 
1.8198275837646645 -0.20586311265085078 0.06678151629407993 3.2133141716719633 -3.0073495361672684 3.2777704950706346 -1.8522954863157837 -0.39623393981589455 -3.2437304380628422 3.38813344743976 0.06806006701732424 0.0668605052054988 0.014097292470656081 -0.09770062360661881 -3.1419425525148763 2.8752778098810623 
1.7991438475282437 -0.18347396671010788 0.07275416017218929 3.167754741150365 -2.984168249062382 3.263012522273423 -1.8512047230753352 -0.421525745813596 -3.2116532389027754 3.3696861282302764 0.04749142604605606 0.06731859877996463 0.022297403337337294 -0.1570578760257083 -3.183531398886871 2.8401832750804465 
1.7832823241273201 -0.16489741470410307 0.03179368863162203 3.091220065059334 -2.9606463513612677 3.286780885129142 -1.8171500408649117 -0.44448659923748157 -3.1283681547776525 3.346494802951379 0.024499247383266146 0.03847432459833619 0.03560493916838055 -0.1963427018671499 -3.244753612750297 2.8474472329879403 
1.7711872525976953 -0.15052088657364052 -0.03699165191777305 3.011843810085838 -2.942692331724145 3.2899794603390586 -1.792915360386075 -0.4948854291199699 -3.06188313441047 3.2780782905998596 0.02480703951092825 0.02623824552535905 0.06514091884761702 -0.17655890519976636 -3.313998915409701 2.818205416557482 
1.7583946260792425 -0.08115340463784683 -0.07331442593650953 2.935909453470684 -2.94114297444475 3.3472507054284266 -1.7197212346263855 -0.5381943980626578 -3.0029400921280933 3.1907121586813596 0.04340613890862696 0.017234331725334853 0.12341870205145829 -0.16084563963972487 -3.3486132360524947 2.7676143168610983 
