2.356194490192345 1.5707963267948966 1.5707963267948966 1.5707963267948966 1.5707963267948966 1.5707963267948966 1.5707963267948966 1.5707963267948966 1.5707963267948966 1.5707963267948966 1.5707963267948966 1.5707963267948966 1.5707963267948966 1.5707963267948966 1.5707963267948966 1.5707963267948966 
2.346194490725629 1.5807963258719375 1.5607963270784826 1.5807963243015457 1.5607963270214738 1.5607963272291825 1.5607963269641278 1.560796326957263 1.5607963274119805 1.580796325659502 1.5807963264768903 1.5607963279334385 1.5607963269288438 1.560796328306051 1.5807963264603904 1.5607963269943945 
2.336271256211972 1.587332725581507 1.5547981773730652 1.5888220586620228 1.556074546817817 1.550771332494774 1.5526405358197282 1.5517819560880641 1.5526918112407588 1.5757403834722912 1.579514742615795 1.5662198325066838 1.5524340598973903 1.564760138927413 1.589494104268023 1.5567492260563067 
2.3265883245633345 1.595669806801677 1.5530709590774534 1.5964681078734766 1.5492109815133834 1.542906788648277 1.5476250035192687 1.5470665252554598 1.5539065946122057 1.5699245066116976 1.5794705384917962 1.5708278398045827 1.5486108116880533 1.5722962214112197 1.5951420124697595 1.5545721316700256 
2.3221937372041146 1.6023960296778155 1.553195698973942 1.5970158005369928 1.54314072226356 1.5385588829415693 1.542024325561133 1.543877400923851 1.5537306290431299 1.5728126395875197 1.5778274829455663 1.5734382984866615 1.547693787312778 1.5811735181105449 1.6018720614510773 1.5557170553518123 
2.315006570284208 1.61085063348069 1.5519685431987105 1.5968144728747369 1.53588996987473 1.5362987519608127 1.538787639143352 1.5413169889055305 1.5501610905554324 1.5748289337417927 1.5733924770239605 1.5754335548465201 1.5492532371220769 1.5866421742591668 1.604975548481026 1.5554497531421931 
2.3065093455612367 1.617385201953016 1.5507312814255834 1.5984101380242512 1.528681250792212 1.5352082496494062 1.5347307691600465 1.538376809710919 1.5466059379121677 1.5722876297582953 1.5696548574278704 1.5763990082332835 1.5512318814615629 1.5931356334762095 1.6055911730779278 1.5535334451572778 
2.302695401844117 1.624667535983149 1.5485658229651156 1.6010985999633287 1.5250896008648716 1.5338115696351446 1.5325836974476041 1.5367019233241264 1.545114659103828 1.5708064522753333 1.5692897263681975 1.579860065770931 1.553310735161389 1.5997786137955248 1.603473351706883 1.550079157281138 
2.2992271263722124 1.6289943659581017 1.550388410865845 1.6039501719109852 1.520350473024384 1.528979630237727 1.5329265566604227 1.53304129986225 1.5394403217254624 1.5688528304326927 1.5688805268496182 1.5773267952756727 1.5550652224134325 1.60506559857961 1.6048332267063732 1.549844392540964 
2.2975844512944485 1.6282904209984006 1.5467126456500326 1.6032706515551685 1.5163210582776805 1.5252372976908435 1.5325414525019105 1.5319067555889891 1.5330964239130989 1.5651136585509076 1.5655258585249214 1.57629235389335 1.558675840366566 1.6069837181559015 1.6087168464690365 1.54924945289865 
2.296736413795343 1.6313436035294906 1.5424250640039512 1.6047504040791047 1.5141090290256687 1.5209022685380886 1.5302166588427022 1.528031528667312 1.528558218589994 1.5630351959139548 1.562346423891468 1.5772387142571185 1.5590792529870605 1.6095781920645407 1.6123100409729834 1.546850108225986 
2.2997190012089948 1.6323810698451877 1.5370999106071006 1.607956088521308 1.5130057538812152 1.518118349846626 1.5309013924226613 1.5246788548862822 1.5213260550735481 1.561705712175675 1.5617034966348584 1.5719517656714008 1.559179615073967 1.6103262185032057 1.611448589803371 1.5450279189399214 
2.3011928934693677 1.6341221307964435 1.5304020151144129 1.6132854423781366 1.5119348983846652 1.5154191420175276 1.5292608915032448 1.5213335275165447 1.5152788608467327 1.5598322755903404 1.5604140965504765 1.5674370531086805 1.5576218955653494 1.6106190056294756 1.6087105624721467 1.5408763427106997 
2.304940856694161 1.6348994209526029 1.5230161256126515 1.6185052260883492 1.5109100930009105 1.5104221340554778 1.5293830676574203 1.5176048487967848 1.5107462374188234 1.5590567397597581 1.5574915044606166 1.5638611499774382 1.5553431569831246 1.6091985834316338 1.6097911611488804 1.5361562525158112 
2.3106865228873 1.6352456697824551 1.5135649522173007 1.626220931159422 1.5081897925343004 1.5045810202076197 1.5304625192846906 1.5128200211960336 1.5053226460120757 1.554839056881307 1.551803015372093 1.5638254514517904 1.553498290049118 1.6080444740272246 1.6085931268582954 1.5326528037802243 
2.31770199265032 1.637010569108904 1.5054159652131147 1.6298915754658698 1.5070583727707254 1.5039486932462116 1.5304369458478448 1.510740251885691 1.5020181805124564 1.5519425631497987 1.5465352828684982 1.5648803316207358 1.5527369304437386 1.6070936920954104 1.6083403978659576 1.526282691865939 
2.3216050537813104 1.6357793973279982 1.496534807575578 1.6319935390786808 1.5067190458993354 1.5052025535209963 1.5286271372283875 1.5088720773320865 1.4974908586035154 1.5474851709591737 1.541159769425703 1.566285883945598 1.5525695074133923 1.6060907211667859 1.610495293418984 1.5177518010814885 
2.3278421374508995 1.6348089150038079 1.4879908594406026 1.6353237613177498 1.5050630319822655 1.5057624557249494 1.528298510791933 1.5086902093092929 1.4941149115988328 1.5416731857689299 1.5368132771785312 1.5685074066159523 1.5502172735668582 1.602342150806375 1.6122914409849582 1.510014495666461 
2.335437250239579 1.6379773739502093 1.4822057740212746 1.6382446729152897 1.5012165320892972 1.5097430702653578 1.5293781331960532 1.5096290942345898 1.4883547814218032 1.5366251570307603 1.5312641642854066 1.567585755906442 1.5481431711095266 1.5951997097653214 1.6135481532073113 1.5050040074592972 
2.342702625456009 1.6432519380204647 1.4748106184279506 1.6404692324070123 1.4998277562157758 1.5130061992414927 1.5317831081931488 1.510826635577721 1.4866736088205281 1.5318745422476907 1.5270380563625048 1.5684785552588842 1.5465357426307522 1.5863083479385172 1.6170636100480287 1.500509894160642 
2.34906706457439 1.6510611465648068 1.467489057299278 1.6427929381528743 1.5024096024790945 1.515857979049449 1.5338576474155656 1.5132261792319406 1.4845480124163135 1.5287091792200216 1.5267000984250256 1.5686678010484614 1.5452330246129549 1.5784660545944809 1.6200800910179334 1.497150966607959 
2.3567849010115385 1.6574714891675444 1.4618989569846585 1.6442447196804644 1.5050392296521218 1.517590195076227 1.53614696672574 1.5154522006542979 1.4832328528719918 1.5250280696467382 1.5286745915707671 1.5672382463202228 1.5432452842174562 1.5752582489915958 1.6230737445595744 1.492793673730781 
2.360990812882375 1.6660989466919678 1.4579152048417898 1.645711165375973 1.5061779195049871 1.5211061860977042 1.538876831144177 1.5166249192602694 1.483442713455178 1.5222704938542253 1.5282606306993778 1.563508214616573 1.5416004511660304 1.5731698196438353 1.6263962588170817 1.4884810953350884 
2.3639382766799795 1.6721149465634209 1.4568929859985948 1.650464930178446 1.5046520255357372 1.5242357531497381 1.541452793777888 1.5192612853214553 1.481882878125795 1.517837922134494 1.5285680209854877 1.5625237046566725 1.539314610940628 1.5711933272454508 1.628096755719495 1.4835936964411534 
2.365794100740021 1.6812675248374884 1.4572008628469926 1.6547565514407785 1.5043469967433267 1.52850058965224 1.5438245015836607 1.5195587906553694 1.4813784788350088 1.5110090408632542 1.530369379873497 1.5616797824244455 1.538496974964643 1.569679839216365 1.6300693833343096 1.4794276968253288 
2.3672066268653045 1.691353669714178 1.4578667485889545 1.6562208773119296 1.5051939367037577 1.5334502877814666 1.5476110711078301 1.519819748379296 1.4812436687308774 1.504656875830461 1.5341013710262943 1.5594038518094566 1.5390314314348585 1.572648119590171 1.6333820889575363 1.4774715284814492 
2.3686312948537425 1.6949841261289704 1.4581281688707048 1.6562423313085954 1.5065963095758341 1.537416331592813 1.5501562596320118 1.5168741301086623 1.479777146492575 1.5003410560498223 1.5366714228543423 1.556172059303752 1.5386191912790093 1.5778929392250225 1.6365896060046545 1.4739879716077091 
2.3727045736429746 1.694001710543803 1.4599438325286371 1.6534106285232915 1.5071372002382397 1.542721505152228 1.549968115180336 1.5157571719818101 1.4765714780418455 1.4972023412559912 1.538474526032459 1.5523851209654402 1.537319079894748 1.5826295167936755 1.6387375609895845 1.470008002928127 
2.376483556629107 1.6937193729431073 1.460316708352018 1.6502884188973914 1.507779293558642 1.5449516345139616 1.5494516189816807 1.5134386339104844 1.4704576533345453 1.4934041738904555 1.538364408577754 1.5458575036145934 1.5348706767443077 1.5860630625455565 1.6409299557022605 1.4676584426963508 
2.379711032314228 1.6931045732551915 1.4596395288993418 1.6483860279074076 1.5096671089776013 1.5442915878003871 1.548868734629046 1.5085654158905493 1.4661654873666479 1.4884189991436931 1.5381310912865112 1.5393297554789434 1.5332876719669357 1.5885843413577436 1.642849925473234 1.4677636546771768 
2.382893858234367 1.6929406706595738 1.4623896117603914 1.6474572625753467 1.513217330937809 1.5441109578337875 1.5465985949577514 1.5035455210088424 1.465297290288317 1.482085165025245 1.5372104474499102 1.5345935502262107 1.5338542138827163 1.5890610089193926 1.6449631460585434 1.4683658903505534 
2.382922835132097 1.6939706298880437 1.465363196057038 1.6474582021871698 1.5152604979400168 1.5419758498919074 1.545141941941422 1.4970306383070506 1.4614607729891318 1.4767553042478705 1.5350096960315014 1.527370755234583 1.5325571736773969 1.5905605321672533 1.6491336223320276 1.4715151912148434 
2.384748536133338 1.6952768727305034 1.4655454644693493 1.6491638496674397 1.5167010406518757 1.5423120558877719 1.5441207529188095 1.4909847037129345 1.4589377829613122 1.4706001444272998 1.5331066768148036 1.5213351250713212 1.5340677707571175 1.594048187757939 1.6526854371753066 1.4754677307119708 
2.3866545088650355 1.6948405638899156 1.4646773254113705 1.6493072857766236 1.5174851432842047 1.5409552688448434 1.5415305519386073 1.485709599559421 1.4543789877248978 1.4644015809735123 1.531262690818885 1.5168672741018894 1.5337781723508617 1.5947849907230078 1.6573140856806172 1.4781335779053018 
2.391593061117698 1.6948399534115048 1.4608283345594504 1.6503481669885427 1.518261856560382 1.5398669554230229 1.5397800746695984 1.4810361701670747 1.4504285824676573 1.4569865234217247 1.5266205284821013 1.5148292052651027 1.536673574102199 1.596005190283629 1.65958954222364 1.4809662432391986 
2.394733871273259 1.6972754967648898 1.4579832175446483 1.6531393216460286 1.5194890974155693 1.5390613946482532 1.5362516054190856 1.4766909072447891 1.446985553567555 1.4536836882613517 1.5214577387761545 1.5125643469302827 1.5381964855302372 1.596686854793533 1.6658996845352576 1.48328503874795 
2.397368056571083 1.697985905547581 1.4559860486156377 1.6576860853510347 1.522177013019948 1.5379848710418356 1.5338842605942886 1.4736046722733276 1.4416366980822672 1.4494601687508313 1.515987612788357 1.5107810943275948 1.5370528934581114 1.6005040005246578 1.6701172270774831 1.485316949361875 
2.4002630805243617 1.6987973195437276 1.4541599296584633 1.6618535117357485 1.5229584794969786 1.5377919850768726 1.534484501185532 1.473017972303569 1.438088110146609 1.4420214052535012 1.5139565059165123 1.5087192355442016 1.53574618655073 1.6027914407622763 1.6761500907204343 1.4838306153298426 
2.404860712378211 1.6968440298063197 1.4529933633376757 1.6668063409184255 1.5238997280310915 1.5374781146627199 1.5363223175999412 1.4712833172370139 1.4339995857088608 1.435145769480775 1.5137801849905899 1.5056261340640993 1.5346657565762225 1.6062729980603419 1.6791424573105354 1.4794234114816367 
2.409326082760208 1.692608737020065 1.4503093461872634 1.6728817496204809 1.5233771335009338 1.5394708422879106 1.5387767459195767 1.468637515777609 1.4306457987892076 1.4306536121442979 1.5167741211480616 1.5011736313078785 1.5362416472434373 1.6079458008863312 1.6804254210709404 1.4740173905867884 
2.41431014325719 1.6917822402670561 1.4478861602311592 1.6791660422538026 1.5236627797128721 1.539328958765882 1.5399777224290354 1.467993931857864 1.4256493540582598 1.4255649117704694 1.518836676481245 1.4974165816284144 1.5364764225164798 1.6132878461320395 1.6818365071832722 1.4709605824106964 
2.41699239874214 1.6911855701625471 1.445550084679517 1.6831018315300585 1.5242583323377412 1.5369820201947977 1.538142952059663 1.4693402860009077 1.423310635502542 1.4207881745286934 1.5168432249684816 1.4951329771385236 1.5364292495978156 1.6151800813368555 1.6837268737634874 1.466084967336439 
2.4175509681791474 1.6904483487823059 1.444943928682828 1.6871237990110797 1.5241275986958214 1.5359509125623163 1.5371533316735086 1.4695368571483896 1.4207664858373312 1.41558399029591 1.5149922028383165 1.4935604256415633 1.5346387935278247 1.618924426527452 1.6873879823551021 1.4632241113171283 
2.415666525511422 1.6947029759508971 1.4459575033335377 1.6915225296151724 1.5229321521302386 1.5342613846173838 1.536841297204604 1.469150228110893 1.4176751386916724 1.4139139783098036 1.5172858008614274 1.4902822799899704 1.5331388279080196 1.622517891912875 1.692395105131909 1.461112393852941 
2.4119557772255815 1.6983858322847512 1.4464894225225633 1.6954613688636293 1.520539540582912 1.5285749792483605 1.5359895133631283 1.4665772719396615 1.4173566856064894 1.4133564389346809 1.5156630043790926 1.4882420808625068 1.5320551388664114 1.629848288430166 1.695730743119521 1.4591661005248422 
2.4114419805916607 1.702941843631849 1.445615124139745 1.700516108681266 1.5181164466925565 1.5226711102951886 1.5349887693583715 1.4628589174259636 1.414878080982843 1.4081608494952131 1.5148084798141928 1.485312974768706 1.5314573014885164 1.638467715673667 1.697909499592808 1.45920604595541 
2.4141400514962585 1.7048422288033713 1.4409513883638845 1.7066509120058928 1.5164702623247122 1.5168430987459889 1.5359691983633246 1.4585567597272489 1.4123916213168095 1.4014688988882775 1.5154713376537512 1.483633623228495 1.5323550060900355 1.6449773214267474 1.6975143002127246 1.4583950799699874 
2.414782951911773 1.7068112923444285 1.4402105465311672 1.7119804956004856 1.5119478722099613 1.5111722663130835 1.5343891366088809 1.4564577929719424 1.4103795134925723 1.3940122692370485 1.5165738359417835 1.4805923458683306 1.5304637969046142 1.652672542803087 1.6983935985595349 1.45665920745383 
2.416139001432436 1.7099969182574335 1.4401181498620432 1.7161112526680937 1.5076172894262034 1.5047040597648538 1.5330191678980338 1.4539741332832599 1.406606838226623 1.388210038007274 1.518354069901833 1.4756938555556294 1.5280717798036478 1.6628433251849148 1.700407390551395 1.4580793088969097 
2.419835107085204 1.7141399411174667 1.440110213530713 1.7194768931638367 1.504067613476493 1.5000580389493452 1.5307843342183463 1.45201283439483 1.4010733135454572 1.383964972691666 1.521470123080666 1.4692983570591869 1.525005819200422 1.6743403604798932 1.7050180482739383 1.457945577671739 
2.423378654295811 1.718519017874408 1.438073120180744 1.7192265240567774 1.5012824870343682 1.4937756290289037 1.5266165250227188 1.4510969200738604 1.3980189692207223 1.3796176307110761 1.5247444707647204 1.464083432243394 1.5229519985669029 1.6845550847126143 1.710625848235054 1.4578707935522726 
2.4279663982992563 1.7214303105666175 1.433560277952633 1.7209753778073247 1.4979916354919813 1.4894420407124473 1.5199236745159843 1.4497561804163392 1.3949947469429358 1.376220907046382 1.5261711884628657 1.4572819338990142 1.5210497655087576 1.6949229387621083 1.7156215681563425 1.4586527243816478 
2.4285627147989195 1.7237224364438362 1.429795504856325 1.7249773857062352 1.4945693085686809 1.4818792679597064 1.5142623826131898 1.4520610537510144 1.3921438824661516 1.3727997268921102 1.5269886582263485 1.4510220632774466 1.5198700763793136 1.7069947788105495 1.7217821646592169 1.4584218395105186 
2.4262580378949745 1.7270674167064244 1.4258153195971652 1.7268018777251029 1.491975774716538 1.475539002835133 1.5098845057710932 1.4530803646355166 1.390861593051037 1.3726411329033343 1.5266268178934554 1.4431839590229514 1.5199279442594698 1.7175909101888365 1.7288986951931935 1.4558313958536364 
2.4256496240653833 1.729518172255076 1.4226329350732811 1.7285119442278516 1.48895328131983 1.4704585034572468 1.5066526635703161 1.4540630436307986 1.3903752663842297 1.3717304912228516 1.5270711616441262 1.4389948911554533 1.5194094386388093 1.7261999906820131 1.7379201318937774 1.45437022371424 
2.427790776362561 1.7328274379441768 1.4183857413897243 1.728869162486973 1.4894020467997515 1.4634519112944107 1.5033021170830958 1.4558583461703012 1.3862639162850579 1.3683512159421902 1.5288425788395552 1.4356999360388982 1.5209017919146959 1.7319773288596778 1.7458691717493264 1.452192159104547 
2.432932669130254 1.737274171549061 1.4149403531066627 1.7287700065400402 1.491102311212412 1.4559852779719558 1.5010434719850718 1.457462887809468 1.3841811672271958 1.3629595945906445 1.530541877005655 1.432728757786851 1.5242363575174656 1.7365036429210459 1.7550652380213159 1.451686178061621 
2.4390862885490443 1.7379413483573605 1.4119994851793938 1.7312946638024518 1.4904307207635974 1.4488296976501962 1.500191905203872 1.4611405044613504 1.3823766630792327 1.3563901078570595 1.5290615649386914 1.4313728083732422 1.5281564224488546 1.7416919817163692 1.7654252233471468 1.4520226077642449 
2.444380857762961 1.7401048163385675 1.4081308692013714 1.732744239842207 1.4907884607069122 1.4428629154201726 1.4991297246332942 1.4662089474639572 1.3783021536268447 1.3505812826633063 1.5276950060023 1.4293769990313627 1.5304693228549828 1.7459349867153473 1.773407705322632 1.455018409542962 
2.4469088959271894 1.7447650940199313 1.4069702484180437 1.7342207812320032 1.4908297450849084 1.4381902735911836 1.498353306189286 1.4673234973852238 1.376123705936 1.3440494064614998 1.5248089890885987 1.4281779149427005 1.5316234242066518 1.7512566336793525 1.7798036808840594 1.458301726809483 
2.4530503670469543 1.7491195564733555 1.4069946926738388 1.7368888391537185 1.4923234197397799 1.4335460319997382 1.4967691189592516 1.4717137004323744 1.3749962829804263 1.3376174163218932 1.5222432582189704 1.4279240741135386 1.5348859328820965 1.7567515986215105 1.7870433827845527 1.4596847864264064 
2.456089245797229 1.753537817576856 1.4064034450093033 1.7370631652738602 1.4947900823175297 1.4261822315415889 1.4956135209972148 1.4764228665398746 1.3744172450299301 1.328836827199991 1.5187297472254364 1.424186550567345 1.54095309585123 1.7635143214029902 1.792859520890553 1.460907542794642 
2.4586265964421514 1.755376919954293 1.405703206522406 1.7389923833769259 1.4960721958401564 1.4195874336942662 1.4972883111541888 1.4786085932354647 1.3727811219478145 1.3201727865204957 1.5162628575508128 1.419429431906256 1.5459626009086227 1.7706925837756229 1.7946989574850465 1.4632582108047523 
2.4616961689995436 1.7600960982708485 1.4064532056781909 1.7435051771744672 1.4975772739101656 1.4110226576213303 1.4975962165068477 1.477181352882933 1.3724050083763715 1.311869514957765 1.5170905656297387 1.4149489437365252 1.5511768817053084 1.776574917810483 1.796812855523789 1.4667198825989594 
2.4666891213258615 1.763835727220343 1.4045838378255255 1.7476840995779501 1.4988119040976726 1.4036389700089642 1.4963372046489465 1.4761454911574572 1.374042599359244 1.3035575234404917 1.5188842016804336 1.4115133644381923 1.555675831885859 1.7819693377774881 1.7986510118616912 1.4683024976150714 
2.4695635041501203 1.766225365363516 1.4011967768678113 1.749963024427791 1.498869744509624 1.397498076478332 1.4940465148912594 1.476404708078141 1.374474882816221 1.295965419329036 1.5167006920060822 1.4076476553521726 1.5595286218909277 1.7865227398156627 1.7986903876758795 1.4678870903936174 
2.473739496755613 1.7683489093865048 1.3989821463143857 1.7525554595202606 1.5009562212815546 1.392217354496883 1.493484721979555 1.476128266857493 1.3737360974277024 1.2881696881198281 1.515264964876336 1.4043674321352388 1.563329936562975 1.7916231228002517 1.7998725330797574 1.465268619568192 
2.4796750630941493 1.7686299129389678 1.395558194881145 1.7564967571361187 1.5027515972748593 1.3894487119313346 1.4945979064695978 1.4762478641536725 1.3716137230844678 1.283092847688932 1.5125873995680559 1.403718699127124 1.5654917794488024 1.7966163807592463 1.8006828433601612 1.462947676621321 
2.483467278362759 1.769296685908229 1.3913918681937523 1.7622290084838086 1.5013934207662127 1.3862364354318646 1.4944672589676942 1.4749641523714583 1.3692697964078984 1.2780213667527043 1.5116120132256714 1.401800313027765 1.5676375451655955 1.802485303169148 1.8002037548627543 1.4614969656120769 
2.4836581144111145 1.7693131690374064 1.3883614853367945 1.7694181591877607 1.4990802467871425 1.3831803236722042 1.497725677603388 1.4733371739691887 1.3657046489193787 1.2730466435627337 1.5101690805775234 1.399390380628601 1.5680488780141741 1.8097293933482075 1.799780628114828 1.4604118136381676 
2.4843992887696427 1.7704932889735232 1.386482072423746 1.7754376822594224 1.5009810169078268 1.3800782014389146 1.497484330794897 1.4709937372141106 1.360750629634368 1.267678622940251 1.5087461006656626 1.3962927808434762 1.5680310996492037 1.8167540193593612 1.8029301841525576 1.460582601207152 
2.4851980980607884 1.7731179834570208 1.3844812590837674 1.7806081167764347 1.50293257195505 1.376287737037288 1.4957786092547118 1.4679421889584914 1.3561629124406016 1.2631984187295067 1.5093500741969226 1.393309612883705 1.566263247128921 1.8244702404504318 1.8051279268366327 1.4606858873146351 
2.4865042957340227 1.7762997272518737 1.3839153264517838 1.786736159235419 1.501580811592579 1.3733550866311544 1.4942948676352035 1.4666059705435865 1.3536130479951025 1.2578129038536867 1.5106433127131966 1.3894029370523717 1.5637718217680634 1.8322477422488215 1.807756836476902 1.4620419819082895 
2.486535566887643 1.7809013934031834 1.3842089844911107 1.7907381081483804 1.5014354262330811 1.368505881210307 1.4955473837195 1.466035773491476 1.3490650652779463 1.250854253895816 1.5122568958939755 1.388823140529231 1.5620118622931893 1.8408991334668783 1.8125961565492918 1.4642198719683548 
2.489693586690024 1.7847601098746266 1.384800307987651 1.7949647726778566 1.5049753470280154 1.3633911603493032 1.498193245336818 1.465008072692392 1.3455482745537086 1.244306162916871 1.5163295369650256 1.38694229270861 1.5620507946160047 1.8502436470723251 1.8147817742908228 1.4680841406742084 
2.4934517539423986 1.787647525537511 1.3867570202172892 1.7987190524908954 1.5067602052290663 1.358613321519372 1.5007489556191524 1.4638428127096497 1.3408867793949746 1.239595437433552 1.5175302635730117 1.3867790656149135 1.5624222413686626 1.8595934289429932 1.820140644223841 1.4712703455466936 
2.4998087852113287 1.787819903226401 1.3858924283079417 1.8018911388782417 1.5058605135628373 1.355661087933159 1.50164461058335 1.4626498888833712 1.3356476821661165 1.235021919732338 1.5172839736664 1.386775969364146 1.560946406452927 1.8686221073858855 1.822613288765464 1.472521781212851 
2.5096226464990194 1.7902415568040442 1.38478405000749 1.8059092502184342 1.5055691629229282 1.3517592600346933 1.5048283096724209 1.460773478995809 1.3309943294096693 1.2313268368620065 1.5184108507753529 1.3853101746045122 1.5597467919787973 1.878025618041047 1.8240536156195262 1.4747873607870925 
2.5173618806453892 1.7921030359014207 1.3832750992698093 1.809013072151792 1.5073188327321698 1.3494645404961954 1.507405767064198 1.458485163833533 1.3248838847244395 1.2265567155645236 1.5190244695815156 1.3837599329834782 1.5582540676907881 1.8865435069075973 1.8275557758865963 1.4762416272862213 
2.527304336696198 1.7957312296309502 1.3815484564720688 1.8102040979598826 1.5067393866591448 1.3503472945481734 1.5086335108322664 1.4537719899986077 1.316080914206205 1.2217034060296388 1.5220238206491825 1.3822357080797179 1.5566462126756462 1.8921975440051302 1.8320990740597145 1.4783979775686817 
2.5345878383418436 1.7983907611712069 1.3772622770778606 1.8109219672624075 1.5052733464935102 1.3501614459707074 1.5119908827171997 1.4509795202885232 1.3079924061927528 1.2190296736770279 1.5253342651157906 1.3765266486530285 1.5554765352798723 1.8983604231145284 1.8362258579258106 1.4826953442696877 
2.5430917822621595 1.800922516450239 1.3718124755508896 1.8116193841897763 1.5022299697095527 1.3520587358689502 1.5164719900214234 1.4497602916092278 1.3014175284438212 1.214223060948559 1.5292705942754992 1.3699987139810499 1.5563204026195105 1.9054150905683824 1.8389222079818353 1.4855852559039022 
2.5523979978176223 1.8036782229316435 1.3712594756226424 1.812898910715388 1.500963071977929 1.3527435997922101 1.518688926810609 1.4477147504340142 1.2954656667490465 1.2094729119560437 1.5312835044892903 1.3658406608056124 1.5572053031919124 1.9124155100836453 1.8404328642508287 1.48742507010174 
2.5597471534927694 1.8078355515837523 1.371007560563162 1.8148583172347084 1.5008647028293152 1.352335561984808 1.520751348502216 1.4460639489956013 1.290457316969781 1.205222367208084 1.5360461239962666 1.3627699964522904 1.5587980650011566 1.9215181343118948 1.842846361940585 1.4890522923126892 
2.5666388390499733 1.8118950009626023 1.3715794479542314 1.8143761601878226 1.5019144573665557 1.349913062061822 1.5203074303527073 1.4423522524896204 1.2853124431863576 1.2013806539175085 1.5397142450847094 1.360235851702184 1.5609795246980274 1.9293702269443418 1.845210409108773 1.4911900739216404 
2.5711660547783044 1.8140958401573537 1.3728613432823455 1.8149755889819663 1.5009529589095458 1.349476786469084 1.520182540346166 1.4378391077532737 1.2802060299383111 1.1986293649779143 1.5433498336005254 1.357822065811927 1.5613192572564145 1.9371610847164569 1.8479923350535266 1.4927840814896578 
2.574698746740434 1.8145261555205472 1.376292406009511 1.8161508238212967 1.4991687079575655 1.3485188436301725 1.5188693279575247 1.4330308551978868 1.2739987675766442 1.197246118324605 1.5446109113967061 1.354294034568179 1.5633996846834355 1.9442288968689867 1.8502338982724158 1.4942315928250234 
2.5782000902915096 1.8136089299671785 1.3798701782155327 1.816156111110022 1.4972963152667214 1.3474356027310732 1.518152765486993 1.4272593331447079 1.2687437108543909 1.1932569194910168 1.5454118468785552 1.3521275436466844 1.561884500957542 1.9513581564776112 1.851989106144084 1.4950671648972926 
2.5800724493906926 1.811521265775918 1.3818458245910599 1.8160505477474922 1.4924557645044745 1.3458077209690285 1.5167956892750591 1.422613478851672 1.2658716266997903 1.1882803560584676 1.5471410577696516 1.3510023103702795 1.5601302116378815 1.9590438029684873 1.8551209411812009 1.4954917716947442 
2.5793249279928636 1.8094325195856742 1.3835885099864051 1.8195445467728135 1.4881824637114587 1.3441047724398514 1.5161270673763882 1.4195451183625758 1.2626990480530575 1.1824106339594869 1.5476836385334924 1.3505577116036327 1.5600036529199712 1.9678607276570672 1.8597835467199548 1.4971154204331991 
2.577859958083811 1.807025639330479 1.3844226877184216 1.8199080396360097 1.4835797380098903 1.3425326926260668 1.5144793743640887 1.4172081084910215 1.2585174087303577 1.1769444324177092 1.5487011559061479 1.3512421953712195 1.5585640156536555 1.9773319717867526 1.8619425105506568 1.4998924874343917 
2.571542563022876 1.8063126091445962 1.3842915093717651 1.8209264530516502 1.4762633152290747 1.3406840314258532 1.5126720169782244 1.4146830346449297 1.2512116067367365 1.170181794357549 1.5480381007791466 1.3508580215162866 1.5572620898317056 1.9857645353929532 1.86449782255275 1.5022374555247304 
2.566413984702709 1.8046392403254201 1.3825099689963083 1.8235470594523853 1.4712794747131148 1.3373063279739599 1.5118532641661595 1.4110421918743266 1.2452065209465184 1.1611444092971501 1.5490840041312832 1.3507247477148854 1.5561269199214276 1.9924708608579218 1.865536087261607 1.5050748093483421 
2.5645242047058256 1.8008720315904114 1.3804854967560902 1.8264017079555321 1.4666837324261075 1.3341956270537536 1.511523215612086 1.4096900350659143 1.242400061276373 1.1544134018183074 1.5498983627231555 1.3530096276236174 1.5563259343627092 1.9994438584079612 1.8651934276541182 1.5057954781570337 
2.5628416234623224 1.7974089136333042 1.3778788143525154 1.8297777327822984 1.4609519412922707 1.3310583646270395 1.511969405880823 1.407349814952009 1.2393346574090964 1.1473362328453962 1.5513429567729573 1.3525952104017898 1.554033575506798 2.005543187263216 1.8646318106178028 1.5062194161029423 
2.5635737829650798 1.7934824387826331 1.375637489870972 1.8323658857211256 1.4539409558755716 1.3265844154608573 1.5107651856233157 1.4044809293800187 1.2376531215153828 1.1397974508726425 1.5511128371285645 1.352984301201087 1.5525294305827924 2.0126864967794353 1.865451513145666 1.5082076062541798 
2.5667123339728626 1.7910234804449974 1.3727496725986132 1.8359839170985952 1.4474642773434712 1.3189865595816457 1.510717994142694 1.4013234067148166 1.234630303263558 1.1310758738615805 1.5507730924304919 1.3507069784148664 1.550927844149655 2.0176313568858095 1.8672036107832817 1.5106999820541043 
2.5741813853878126 1.7875180482808066 1.3720137771921572 1.8384397999397104 1.4418879497771593 1.3127107607197213 1.5100947134355944 1.3975154399848657 1.2290637919996463 1.1231467104166437 1.5501222550109264 1.3507741081486109 1.55019591705192 2.020782596394547 1.8697227807270522 1.5138479033623111 
2.5842474808873854 1.7862503264961427 1.3704034011678297 1.8385565143716935 1.4344190283037535 1.3070072448189154 1.510065849392268 1.3939734785186575 1.2230346056707209 1.1148543215200624 1.5497712995030206 1.3511404046526516 1.5495404650516384 2.024362691074457 1.8728053637206348 1.5152766429063724 
2.5916320850456773 1.7867010526099152 1.3685539671089493 1.8383792119527622 1.4249299420494275 1.3046834265615612 1.5095687052936415 1.3909683345173496 1.2123157898959924 1.1070080113718082 1.5486183633686772 1.3532833162567093 1.5497166893370047 2.027115475617548 1.8764244574166677 1.5191507331707979 
