2.356194490192345 1.5707963267948966 1.5707963267948966 1.5707963267948966 1.5707963267948966 1.5707963267948966 1.5707963267948966 1.5707963267948966 
2.3661944897754195 1.560796327088566 1.560796328246211 1.560796326891615 1.5607963268406067 1.5607963268603888 1.5607963385368626 1.5607963268629006 
2.3735034892590217 1.5509118359694616 1.5508964569392978 1.5528988210379486 1.5553164723636501 1.5524594831497658 1.5682557600320801 1.5529634767909395 
2.382145433179853 1.5411272071003572 1.5428805219063275 1.5460817682069725 1.5506765573795853 1.545173188931098 1.5680290951345506 1.5461160633555369 
2.3907164278590174 1.5316742422027658 1.534377389721057 1.5409176834762695 1.5461550797375418 1.5387228102851849 1.5685774084973592 1.540172540381508 
2.3997350542518703 1.5233011425224616 1.5297872546988116 1.5353772959975707 1.542279501592667 1.533452110124908 1.5697468839416544 1.5348715401598183 
2.4077263047113195 1.5152396474250536 1.5254090128618605 1.5320463233485664 1.5387948055613576 1.5281795401689549 1.5719204945711016 1.529798323125214 
2.415269606551425 1.509021023202619 1.5209517839435636 1.530663617173274 1.5357912978361254 1.523143114884828 1.5780697201952902 1.5240187064057773 
2.421752455770923 1.5021170530143846 1.5163949251281157 1.528515634473834 1.5336335863611128 1.51845848445592 1.5858558097497248 1.5183671299673807 
2.42656974426088 1.4972380181642773 1.5106969386745452 1.524644908021646 1.5313919444366342 1.5134191934403596 1.585420108056916 1.5128180579272654 
2.4336738434110337 1.4905852605424539 1.5051252778344668 1.5207046624738447 1.5290806215717492 1.5082530944849464 1.586168100117506 1.507156015947596 
2.441099018479151 1.4848567067069791 1.5025460517811267 1.5165220253911567 1.5271566444375226 1.503848830216809 1.587569815902492 1.5021548371613185 
2.4503199532591893 1.4802479075623625 1.4987795274736069 1.5114975271653601 1.5255849431602888 1.499257033529025 1.587330595179325 1.4971656445359252 
2.459974143208986 1.4762713396028686 1.4932939462990236 1.5056756395864033 1.5249219236669755 1.4946954546025357 1.5859913616206494 1.4919649792598901 
2.4697125108486957 1.4712487949795408 1.4876451676148315 1.5019882002884803 1.5230295531224542 1.4889772680780633 1.5809275075419362 1.4860852841732544 
2.480093591908852 1.4676252575981608 1.4838465202967377 1.4997001194519919 1.5215354436357136 1.4827907712517023 1.5765615088885385 1.4798587091034754 
2.4899115042889455 1.4614630387508356 1.480022293120712 1.4975315296930491 1.5203310413303872 1.476378869552999 1.574688749216723 1.4735331595551002 
2.4984218406200362 1.4545582241044102 1.4783680010428608 1.4952665070203066 1.5195205913882806 1.46916753800914 1.5691011011942397 1.4677853065530864 
2.5090963490894787 1.446663170416936 1.4769014144883672 1.4931203997085214 1.5187574188670974 1.4625261019792692 1.5654552506083264 1.463273472205877 
2.5202654169702763 1.438771742278652 1.4749897355043655 1.4900601347788431 1.5179160294744727 1.457024041043124 1.5631840176108183 1.4592531668151856 
2.5302970469898445 1.429234838609163 1.472941937566488 1.4868932678315498 1.5160555916947849 1.4520031377511289 1.561889966440276 1.455035414828507 
2.542117776931433 1.4212397601988698 1.4741202162965859 1.484708220225208 1.5126906229700279 1.4481331510889128 1.5628884655167115 1.450385126484323 
2.5541804231428733 1.413650955837238 1.4727607980739112 1.4837565427924093 1.5105633820088415 1.4436106531349584 1.564212919354089 1.4458120693766996 
2.5670984878174847 1.4059922374329112 1.4712922384561116 1.4851893723351461 1.508866203715092 1.4402803747248394 1.5671838893978345 1.44266987215813 
2.5771647131557924 1.3986199883158466 1.470174207247254 1.4876864444369915 1.50690559798434 1.436942126287876 1.5710459008725595 1.4398146649655628 
2.588877118566994 1.39202181197373 1.4661038888150724 1.4900672293767023 1.5054903041763468 1.4334041448776351 1.575912615288803 1.4360927174497975 
2.6018468087658193 1.3869409558153716 1.4621608642954151 1.4910708795803411 1.5048768192676674 1.4298676837151287 1.5834916597763855 1.4330372224864432 
2.6130250230149 1.3820882687491987 1.4588266986768887 1.4908680810687722 1.5033542723688937 1.4266436030116851 1.5911008040601102 1.4287833193723782 
2.623200420987247 1.3776126843192786 1.455175740953682 1.4913085592483886 1.5025285222987785 1.4248985184159702 1.5969475444359973 1.4247487208375826 
2.6359263600826455 1.3734221680942333 1.4502751297499534 1.4913054877565148 1.5014680166453134 1.4221547493325195 1.602018001854149 1.420942619671644 
2.649019809343648 1.3701969919754873 1.4441251493423077 1.4913059049261779 1.5007146339911486 1.4193095545284387 1.6079945221080008 1.4165697918682603 
2.6619261464284336 1.3678239046865155 1.44014014225417 1.4935758966852644 1.4998654078151434 1.4161520691362885 1.6120948110775233 1.4125576277428145 
2.673337625763026 1.365372546866062 1.4344950214430907 1.4960420706714324 1.4990358643375101 1.4134299588256038 1.6148224432309248 1.4081828171054673 
2.68443546882161 1.3625036913967719 1.4284218102472164 1.4981980274788047 1.497432569560595 1.4113502003514975 1.6167981080201201 1.4037158192698063 
2.693849251128867 1.359231264889151 1.4239491908960418 1.5001988002116153 1.495663063735337 1.4099211088803865 1.6209719933437532 1.3990066324816621 
2.7054828031770937 1.3541229534512274 1.4192536439515857 1.5011239142589528 1.4953303223812642 1.407378127316697 1.624884140578117 1.3945942091189596 
2.717614982683803 1.3506763029198106 1.4152692576941341 1.50058303960874 1.4939274201928854 1.4055469760268247 1.626727515415768 1.390544714367386 
2.727478414620933 1.3450867955818868 1.4127450699069257 1.4994015417316255 1.4919045458512268 1.4039929810311402 1.6293952126218672 1.3863600499952808 
2.7400600989250496 1.3391555962913526 1.412008414714134 1.4985402985043625 1.4913093820947985 1.4020000730724627 1.6344859577893982 1.3824951106097527 
2.7507311524683393 1.3348875647855596 1.413045476714254 1.4994205618052052 1.4907685967055064 1.399911706764095 1.639817750134312 1.3783851567061787 
2.7594597711808198 1.3314423466252978 1.411660178007962 1.5010132752501806 1.4893911168840528 1.397736783210704 1.6468071117628922 1.3744885733831786 
2.7721158158593733 1.3282607207832697 1.411634649640899 1.5018631949236474 1.4872520516470877 1.3962359113448528 1.6542750719323982 1.3703501822885507 
2.7876780735471294 1.3255016387047247 1.4106353601383783 1.5027002092716815 1.4853645124725914 1.3953361363633208 1.6603911001728118 1.367139628456703 
2.8040263541420964 1.3235948991556663 1.4081441464837674 1.5032922392630654 1.4830525713555351 1.3952096920286816 1.6650814801254703 1.3633445753780384 
2.8207539642029205 1.3201418019076365 1.4059840491493893 1.5033902150814198 1.481069618608312 1.3943865805371112 1.6701310093492008 1.359563184316087 
2.838848377039352 1.3159187860652317 1.404017451840443 1.5028123791257477 1.479118487146703 1.3934600618902921 1.6752111762639033 1.3554493905498435 
2.8548660528883505 1.311974588559434 1.4013698073189518 1.5018459585165853 1.4779152174302481 1.3937666767876986 1.6786541962235946 1.3513539585969951 
2.8721206041212564 1.3078823552159675 1.3976194868376546 1.501788674448203 1.476292113243412 1.3930124232474654 1.68388381574724 1.3475251454700243 
2.882920628968356 1.3043246718199752 1.391947773316653 1.5010745383976536 1.4740930099697038 1.392855855758566 1.6892513463812835 1.343511212052277 
2.8960672612293594 1.300193849689421 1.386984161490686 1.4999463330244056 1.4717196537739081 1.3921496832948088 1.694809979133134 1.33954780412034 
2.908647563701322 1.2956315125658588 1.3808031403935919 1.498967822636976 1.4689303427335292 1.3914376991953141 1.6980753413176786 1.334718899094257 
2.922462346611696 1.2905190826110224 1.3762675666987325 1.4983193097035354 1.466502293127465 1.3902052050019116 1.7020334779020176 1.330067262118037 
2.9304878157708334 1.2860802527796216 1.3701787689134786 1.498119934634569 1.4634214350510757 1.3883623516526822 1.7056068840275083 1.3247674647179468 
2.9447715624483437 1.283251041832668 1.3634158922973467 1.4984626230730866 1.4610133923571522 1.386077276552814 1.7096131423098437 1.320256213635352 
2.955486086791969 1.28064498472984 1.355849644896337 1.4996691799153288 1.4591289785590953 1.3842005818766099 1.714274568824835 1.3161581234268518 
2.9633530171963396 1.277742026308761 1.3492647853317143 1.5004261775594017 1.4574505622468426 1.382089455721032 1.7174684296756784 1.3124337546897835 
2.974038691897643 1.2749258483377415 1.342188217126459 1.5005380724115942 1.455547001754649 1.380208704290515 1.7208113947551957 1.3091359745607427 
2.990785412036634 1.2714393185485588 1.334921955099126 1.4998082153896464 1.453235344610904 1.3787652729039122 1.7252861081845086 1.3049650535185178 
3.008343069498088 1.2685965480892554 1.3305561609006153 1.4998291153120644 1.4506260528999169 1.3769335415043873 1.7308589754640238 1.3012913708745404 
3.0260756953483363 1.264505156989558 1.3265062492032724 1.4995014975698262 1.4474837872713209 1.3757756031747128 1.736320849484367 1.2976338197379964 
3.0468631754854063 1.261680497442755 1.3231925600159538 1.4996723881280793 1.4447826844918983 1.3750183383859798 1.7428374821690515 1.2952007135587027 
3.068606823756108 1.2583911282250424 1.3189435849065276 1.5010068443272055 1.4417710308342169 1.374244905085738 1.7506453634253578 1.2922134082521906 
3.0916674640800617 1.256413751153398 1.3148146719283935 1.5023992445867382 1.4391463155803725 1.37436170876743 1.7579866617263826 1.2887172294617326 
3.1133087461758975 1.2543231103194525 1.311699711627618 1.5035608717709104 1.436916302684133 1.3741378350872786 1.7665313456079412 1.2852583143107543 
3.1339380144060316 1.2515061504066254 1.308436530858019 1.5055914857783497 1.434688681302079 1.3742922117716903 1.7744678951338413 1.2818989864813382 
3.150626086779976 1.2488579720298618 1.30437857353093 1.507923359277349 1.4330209543717214 1.3742324932702978 1.7835770772065906 1.2783970300392842 
3.169718496984301 1.2474690638147476 1.3012479141725015 1.5086860740634613 1.429805674012417 1.3750903984129064 1.7914288352388454 1.2757189162682956 
3.1854829437307584 1.2462962833872893 1.2983332951924715 1.50947218620232 1.4262837638843615 1.3750471904698183 1.7982511153032004 1.271812856896978 
3.1984595683438215 1.2455266939159901 1.2953156260350083 1.5112277271238523 1.4227044308324768 1.3745105744950297 1.806278429372817 1.2676293753304215 
3.2088877408978496 1.2447448930269924 1.2936351086756772 1.5131732187440425 1.4199989109130096 1.3737184275343373 1.8163134264783865 1.2640703483507632 
3.217393843798071 1.2428119763000738 1.291731694842513 1.5157752654473435 1.416969492162268 1.3727036209853973 1.8256937207557549 1.259820115778955 
3.224428092277687 1.2411308285541 1.2903301151802455 1.5174729055129654 1.4143253348047753 1.3720658948247324 1.8353858152462839 1.2554224429887666 
3.2300502847961696 1.2402573409849411 1.28761716139306 1.5209820382525128 1.411676345376847 1.3715890398813904 1.8445547781514622 1.2511355679274259 
3.234674086722709 1.2396660131595785 1.285009220110196 1.523932185931695 1.4088348406730467 1.37124259798987 1.8541597895525104 1.2473164668166 
3.2384213526171512 1.2383408121535002 1.2800510411348538 1.528219146293444 1.4055003668382975 1.3704594100749545 1.8636715486958118 1.2437447949983278 
3.241386195079816 1.237698288366306 1.273286817535817 1.532774526155755 1.402099421661556 1.370498023457634 1.873591050847838 1.2402835979108693 
3.2437890340766087 1.2359091814708394 1.2663799370482671 1.5374252043144954 1.3984125074233509 1.3710398016686545 1.8839920996418464 1.2369089212278959 
3.245785132798996 1.2335559106476268 1.2593505305032304 1.542192832309859 1.395501965643857 1.3722546504796076 1.8947826758399273 1.2343474551889384 
3.2473628368610514 1.2310592098358049 1.2533972729540588 1.5478861301040545 1.3919636195853229 1.3735194049736053 1.9047977972012777 1.2324709820869835 
3.2486922358769563 1.2279135663683791 1.2491106820544502 1.5536734868328907 1.388357531668289 1.3751822546695596 1.91632940025532 1.2300074795444755 
3.249736100267188 1.2251255439067865 1.245628425104385 1.5596640624071578 1.386028195603464 1.3758734805706923 1.9271243101846953 1.228648022478404 
3.250553730703496 1.2222553108301069 1.2420086700511865 1.5650424235525884 1.384154818128571 1.376148523862045 1.9370731397039518 1.2263398679295001 
3.251209991685092 1.219933466312674 1.2374777261201546 1.5706171861225324 1.3829393753450754 1.3754723637679762 1.9466690429333984 1.2238261265600887 
3.2517447523351635 1.2173851175818666 1.2325533705478193 1.5760612221294044 1.3817817627829307 1.3740654311486955 1.9579325939277992 1.2210123365528518 
3.2521890517666723 1.2145281994800883 1.2269500925064931 1.5806286295300014 1.3805525876458982 1.3723628148849711 1.967749384195086 1.2178089471952986 
3.2525759870383486 1.2120427248602184 1.2209178755731112 1.5856094581144664 1.3787442116050228 1.3705683396127846 1.9790760190786143 1.212927617059018 
3.2528844345258694 1.209159608511018 1.2151547965362606 1.5898991154887145 1.3765874440549644 1.3681005230769054 1.9905670313105082 1.2083244428161737 
3.2531554124960316 1.2061105573944317 1.2093041983905644 1.594625177737205 1.3742796867498221 1.3658495801311001 2.000479659853932 1.2050241226663285 
3.253405701761357 1.2030525106807481 1.2023274697442332 1.5990700093350052 1.3719201061739168 1.364384633355386 2.0129913404286395 1.2010145605137823 
3.2535981322582157 1.2004091503231826 1.1957485527936818 1.6041241493189107 1.3690832422484362 1.362954852464141 2.024016598084526 1.1966875079394736 
3.253789411636264 1.1975743225382671 1.189108808618658 1.6084172030961248 1.3646458621468598 1.3619219837449925 2.036989965293188 1.192372403033482 
3.253972349516204 1.1941284649952184 1.1825595910223914 1.6129705828520327 1.3603025148475816 1.3611858362961025 2.0499347108615615 1.1883537370140143 
3.254199370452126 1.1905876946418275 1.1758018445109488 1.6166555393370339 1.3568259297892171 1.3605298739911926 2.0626580053495918 1.1848285715833553 
3.254378519432297 1.187436577371518 1.1672194874410766 1.6207633823768195 1.353348106243103 1.3593433868423757 2.0743931151696455 1.1816992815370932 
3.2545288888567643 1.1832187759011457 1.1576063226058984 1.624676426923084 1.3489300028843427 1.3586815045488234 2.0875306454975093 1.1784240771745407 
3.2546873280228246 1.1784333505735705 1.1492368138735019 1.6276891669679832 1.3441862678590957 1.3578343570128173 2.101083666611442 1.1741151563424235 
3.2547941035704255 1.1725500325768865 1.1404838751538116 1.6314441124432235 1.3388276925937503 1.3554536157857602 2.114808087212264 1.1701572283585104 
3.2548758612773785 1.1669696922942205 1.1317611713623723 1.6352440832645458 1.3332441960688952 1.3537937010038632 2.1283364259655384 1.164957339250716 
3.2549335495451075 1.1629383789417878 1.1242989118133293 1.63839594707732 1.3280915111716738 1.3527819987626843 2.1422197351047823 1.159363307586523 
3.254979898094996 1.1590047686836376 1.1164091670369487 1.6414354926238715 1.3221910035119246 1.3512581827537509 2.1561564144951215 1.1546400836761246 
