2.356194490192345 1.5707963267948966 -1.5707963267948966 1.5707963267948966 -1.5707963267948966 1.5707963267948966 -1.5707963267948966 1.5707963267948966 
2.366194489514599 1.5607963269020362 -1.5607963271917364 1.5607963271431429 -1.5607963279842445 1.5607963269278613 -1.5607963269952427 1.5607963270378773 
2.3696165845469324 1.5511922369076534 -1.5521883909109988 1.5516338548216961 -1.5519157362503928 1.5515267681855571 -1.553231465904705 1.5507648987648264 
2.3767957508244906 1.5435439403129314 -1.5477905320585255 1.5420986925947824 -1.5423543870388887 1.5438797752641613 -1.545427971939308 1.5408435994676024 
2.3771486517944256 1.5352637474316484 -1.5520977101181697 1.5338817041998398 -1.5371366239354982 1.5370836587932173 -1.537892794975806 1.531382363456628 
2.377906079993137 1.527718814220725 -1.554840916873306 1.52473667867483 -1.5339189500347057 1.531198606836501 -1.5297773069990528 1.522196064242889 
2.384074862542958 1.5208605259251868 -1.5597785999874016 1.5173739772608414 -1.5315461063536784 1.525675263708447 -1.5216400414820312 1.5131533782429525 
2.3915271128093285 1.5140185372866313 -1.5625075419802184 1.5105666156101343 -1.5283591309007993 1.5199801802042079 -1.51477060499794 1.5046685759681475 
2.400076412612905 1.508475283883921 -1.5651213804627364 1.5046619034738324 -1.5231798941316117 1.5155768488536219 -1.509554981667838 1.4972601155469232 
2.4094219275321525 1.5037700762044595 -1.5689852238963617 1.4973840195712025 -1.5186512633976748 1.511618824216097 -1.505142845778994 1.4893428261585555 
2.4177058505959845 1.4994251128930882 -1.5729317135291585 1.4913656999945186 -1.5127145258271393 1.506793864493554 -1.5012061785640733 1.4810890380851514 
2.426019982408867 1.4962505941718318 -1.5772901912406372 1.4849539924894422 -1.5077085574537785 1.502277242761895 -1.500407659568588 1.4734198333863968 
2.4345179903408734 1.4941302387729292 -1.5830311982542513 1.481455303326663 -1.5053953507427147 1.496559664622886 -1.4987104180289854 1.465259019783777 
2.4431156860557772 1.4911439772409891 -1.5910357740913117 1.4808089626262075 -1.5035635134862304 1.4919489096498695 -1.4975895451622445 1.4569213987428689 
2.451922307623078 1.489691200013414 -1.5993379906700567 1.4788588805351608 -1.504052206922865 1.4880851371774109 -1.4974700088512056 1.4476702278725144 
2.4610704049849708 1.487925330926297 -1.6082393628497005 1.477025572669005 -1.5042571242026657 1.4817834961799372 -1.49741155302404 1.43816391464345 
2.471134484365502 1.4851189356562569 -1.6173289913751017 1.4761189964179993 -1.5050430369604386 1.4746316531706878 -1.4988529840725295 1.4287847806102725 
2.480019696904315 1.4822345694283172 -1.6238735221669351 1.4761949840626045 -1.5037678705935587 1.4667558148406161 -1.4992735728123237 1.41982367637279 
2.488332348117451 1.4788042134499442 -1.6289975653697972 1.4798863737542594 -1.5025840053242467 1.4585371540634102 -1.4994498211723695 1.410958633330645 
2.4976699301934744 1.4745781807008622 -1.6332730667681377 1.4817216737910717 -1.500460925344164 1.4524374769297332 -1.501167318192103 1.4016034508190192 
2.506791176070614 1.4701187745482514 -1.6377364616455938 1.4809908730020496 -1.498932720495675 1.4468149802818597 -1.5038378702375195 1.3938105273209984 
2.5163477154635823 1.4667761536801727 -1.6402811302638136 1.4781470293930516 -1.497072544128376 1.4412302301133448 -1.5076035043547285 1.3853404166581347 
2.5256622401407878 1.4613736912887088 -1.6425378026949369 1.4740741414154965 -1.4945141518843605 1.4355510211215827 -1.5102186682212804 1.376517153253008 
2.534611069413981 1.4553339697177865 -1.6443827605976864 1.4708436638878641 -1.4926438901836736 1.429122123761981 -1.5134711207601979 1.36983376815184 
2.5441375101538375 1.4505109093636142 -1.6482680066270559 1.4668292897335407 -1.4923568588579927 1.4242002718170794 -1.5154022937085176 1.3642078922891754 
2.554655321035796 1.4447586370403092 -1.6538987513146937 1.4646736284318815 -1.4929364864312349 1.4202248712406191 -1.5155963467403628 1.3591252691041922 
2.566723469162574 1.4401512932733012 -1.6592152742705177 1.4610280795027566 -1.491640182466635 1.4175789043831128 -1.51410451661092 1.3530216190995856 
2.5783221252332162 1.434563141710271 -1.6646079168498125 1.4587958583872378 -1.491348911345446 1.4144479768518714 -1.5143624694346838 1.3480753791403044 
2.5923400688415867 1.4281740343491187 -1.6702517106836392 1.4582680456994797 -1.490025125266501 1.4104163308437823 -1.5136357523333346 1.3426232973733607 
2.6030530192959973 1.4212156996957699 -1.6762063097104727 1.4566262606985187 -1.4891612946094384 1.4059610027311071 -1.514813319432185 1.33670616289855 
2.6162009872900147 1.4157143360609277 -1.6818242861449184 1.4553020908639034 -1.4877939453951008 1.401837747471703 -1.5151850281773387 1.3309431504875324 
2.6292892146439333 1.410413698782138 -1.6870400413873292 1.4532571372448535 -1.4863083086730082 1.3966613559325538 -1.5156683501865664 1.3245234395599648 
2.6401248258714616 1.4066335373178784 -1.6924752706057404 1.4545623299023234 -1.4846501396917469 1.394063322654004 -1.5149421987330332 1.3185117193721165 
2.6512031015070585 1.4025745069940931 -1.698801335321141 1.4555710893054 -1.4840272595042028 1.3914071505825953 -1.5149376933681642 1.313748641948998 
2.6627445998024246 1.3993087735079786 -1.704095013666673 1.455492724736654 -1.4833079584908515 1.3893474253591824 -1.515670981015219 1.309572446061754 
2.674129810776075 1.3968501876859654 -1.707455343585929 1.4560234834223473 -1.4808425861205572 1.3872703952520642 -1.5168415135885982 1.3049001430738456 
2.684749364946209 1.3930129714846764 -1.7117545220152852 1.454672131531502 -1.479104235201695 1.3845599103046806 -1.516481954898975 1.3015936321998012 
2.696786604601983 1.3897718131233308 -1.7153134395180185 1.453126387982278 -1.4771151314124025 1.3806007281921102 -1.5136738224946142 1.2982904315997101 
2.709711603761903 1.3874694588053327 -1.7188601578433251 1.4520637366394316 -1.4743431515747631 1.3783672187369116 -1.509052136569113 1.2939080244994292 
2.725101286723865 1.385492012915682 -1.722224734941195 1.449574666525521 -1.4722007953070084 1.3769049735521885 -1.506055444999199 1.2898759406003792 
2.738680448895347 1.383579911549981 -1.7260517345481403 1.4466585542149806 -1.4706613772610437 1.3764035931549354 -1.5027142610745596 1.2860038359254793 
2.7523025818870392 1.3819369698815285 -1.7280197389726966 1.443941196037431 -1.4687602578669832 1.376452219469659 -1.4992642978543884 1.2822306664471967 
2.7654371235002086 1.3806011642716032 -1.7306278854226045 1.4418916703552294 -1.4649839326438823 1.3764168134952408 -1.4972429464686567 1.2787782990741596 
2.779099208944794 1.3792566342784567 -1.732314441964382 1.4389642746850535 -1.463902139538761 1.3761195947506752 -1.4946150300190046 1.2753616466505888 
2.7928143303464115 1.3769601757068213 -1.7352380259277564 1.4360980769914327 -1.4633552476984333 1.3759987190813021 -1.4935435677151878 1.2714812683859482 
2.806718504832135 1.3745944676379753 -1.737596331757461 1.4344542601859338 -1.4621914926487862 1.3748229539988974 -1.492590855943271 1.2678483410638715 
2.821758331536608 1.3715987659661573 -1.7384756467279188 1.4326675126217805 -1.4604040466850046 1.3754187847298869 -1.4901974471369028 1.2645440370797563 
2.836790728874669 1.3691081087688526 -1.7398573980908196 1.4302500851024447 -1.4585484562575581 1.3763778290516426 -1.4864321479440192 1.2615896383004777 
2.8527555563756137 1.367297453124094 -1.741951933692082 1.4283807024270165 -1.4570853662230236 1.3771818636248252 -1.484549544087497 1.2590930399208529 
2.8696187832473847 1.3652530395646185 -1.7438637277090725 1.4285927232272728 -1.455973374668342 1.3768716523512174 -1.484995055677811 1.2562088120762027 
2.884167879338049 1.3636471116644282 -1.7461206838241603 1.4287312625622115 -1.455891458994604 1.376437568939143 -1.4838294825165717 1.2543779706061768 
2.8978473847161164 1.3618937870557701 -1.7476398106831723 1.4286970790538083 -1.4546129032914097 1.374992318211824 -1.4848422495292208 1.2517648863771995 
2.91502645704746 1.3603473548671638 -1.748110460235181 1.4298725930846568 -1.4534995000568258 1.3730635004535556 -1.4854880358695794 1.2490570994984285 
2.9268257510375024 1.358694089146194 -1.7497888769699077 1.4301820405025027 -1.4516492336683358 1.3714104122613264 -1.4855547522633268 1.2465607385958997 
2.942415712054088 1.356998335032044 -1.7518910149148934 1.4303200374199616 -1.4501761795244377 1.3697449554239485 -1.4842080160284834 1.2437924507631726 
2.957412256310436 1.3549745974429896 -1.7527110263931345 1.4305097374861102 -1.4478146376838272 1.3699189448773703 -1.482047659468023 1.2412469064905571 
2.9713053932495357 1.3527210851959166 -1.7517228455569356 1.4313629681318507 -1.4461027976862195 1.3700851257737505 -1.4810054382467008 1.2384983063761286 
2.9807990745264434 1.3495276488455266 -1.7510063353240926 1.432792521224567 -1.4449301816319986 1.3694680066157767 -1.4794606339469227 1.2354553598087583 
2.99622371314849 1.3463504151713632 -1.7523147924615443 1.4358133628116476 -1.4418108601319257 1.3685635373085088 -1.4785945974096837 1.2324412413501638 
3.015513281098981 1.343593957844524 -1.75426910649124 1.4390736139362919 -1.4396028136949885 1.3682189584518791 -1.4770888423847879 1.2299868227879607 
3.037124469868151 1.3403929563896981 -1.7567939401135333 1.4409087148785042 -1.4376103496491028 1.3670632847539748 -1.475929474583698 1.227845324568134 
3.060220708015328 1.3383754020914103 -1.75871055837219 1.4428392979002833 -1.4378880634647284 1.3662384564651253 -1.4759904493644411 1.2253292522473813 
3.084455434409097 1.338020806912324 -1.761127889484935 1.446243744362286 -1.438453478836802 1.3651293961730266 -1.4766587212937854 1.2226025370432998 
3.106951337172564 1.3356478186590235 -1.7643575156251474 1.4488845805150419 -1.4387719289421657 1.3639745788181512 -1.4778527100069638 1.2189223791950687 
3.130970390735145 1.3330445504467021 -1.7678732508771389 1.452026269888691 -1.4382131299393497 1.3632964226966693 -1.4791567780685106 1.2153179729085388 
3.1157990037051153 1.3289274963918167 -1.7714629765131156 1.4549670933552308 -1.438239899905553 1.3628230835124318 -1.481676727477599 1.2126118998369804 
3.1040720124645262 1.3247457639921123 -1.7757229896860385 1.4572409803718112 -1.4398990591173684 1.3618233176746606 -1.4822370691922735 1.2092496369257684 
3.09465119780799 1.3201557667655588 -1.7783404175386253 1.4587022699839287 -1.4417000758505845 1.3603996908101668 -1.4809078178672264 1.2050217247914525 
3.0872517356681026 1.316163307081585 -1.782958456438072 1.4606207579946628 -1.4420786813359376 1.3600940773443848 -1.4799884180908187 1.198704646423078 
3.0813872254864845 1.311775118499673 -1.7898070965105894 1.4627879161612534 -1.4425077166383573 1.3605304833694853 -1.4784148068155913 1.1932521464905135 
3.0768344527249005 1.307402634197394 -1.7960720967260764 1.4652254789341626 -1.443396036323598 1.3614317051255038 -1.478085690562102 1.18733059447231 
3.0726554683388 1.3038997992731252 -1.8020124244803881 1.4687860347746242 -1.4445906547478882 1.361254849260953 -1.4785054579878494 1.1822809120428324 
3.0693613144343543 1.3003450477183167 -1.8084454677909128 1.473097200652873 -1.4450328554272678 1.361363354652534 -1.4783764701974753 1.1781119885190412 
3.0669810431655624 1.2971156903103476 -1.8152914874247243 1.4760272577775801 -1.4444395264488583 1.3611060492338989 -1.4777935116021645 1.17320121419959 
3.065181667791906 1.2933682421416828 -1.8217420610224757 1.4783802681848817 -1.4459830080079172 1.3620855887655243 -1.4775433095329211 1.1683128182821647 
3.0636547263445886 1.2891877529585478 -1.8278079269664118 1.4793086121611834 -1.4457304355893734 1.3624748249918741 -1.475153429975678 1.163848606969643 
3.062619983997196 1.284953774132441 -1.8319087367656304 1.4800627496924785 -1.4454641173785585 1.363804277625995 -1.4731589219587597 1.160611497835604 
3.0617997934947194 1.2822242748351222 -1.8359111079740353 1.4805885905853637 -1.4443851012204598 1.365625101803961 -1.4712587863895146 1.1570045561819915 
3.0605658612692617 1.2793229101029038 -1.8386307410656535 1.482322928532947 -1.4436393064854995 1.366242144845742 -1.4690984527726638 1.1527636538206851 
3.0597745522440234 1.2769821886586101 -1.8411902379782148 1.4871768944208932 -1.4424194406080284 1.3657631638327337 -1.4663333473518438 1.1487158634429109 
3.0588821534148676 1.274664066896721 -1.8424242658384742 1.490178623460182 -1.4380878255692797 1.3666394178716965 -1.4633932979927482 1.1437950952478457 
3.058430427870086 1.2728741660810887 -1.8437030360555933 1.4923243883049009 -1.4337339794325403 1.368458523866951 -1.4608026228012678 1.138428714084666 
3.0579756703977026 1.2697632425018635 -1.8467500546506195 1.492787930290078 -1.4307881925056243 1.3696030284408818 -1.4597502404236344 1.1329038312378943 
3.0574932272300503 1.267054181107505 -1.8496834687089523 1.4938688693197315 -1.4278539645123343 1.370217369146256 -1.4578657515284172 1.129512481738022 
3.0572527064116497 1.263964368258265 -1.8509965980046197 1.4958121178687696 -1.4261339643022208 1.3711501687010765 -1.4557386950821756 1.1259464596382252 
3.0574969485793178 1.2616557100061772 -1.8544098743604056 1.4990772771573972 -1.4233712744445735 1.3725683274569607 -1.453730843313789 1.1225780978308388 
3.0580471114258923 1.2606719918981293 -1.8589052196561315 1.5015826272226904 -1.4209815715154899 1.3738304358535862 -1.4522783135013981 1.119227585824227 
3.0584875450204554 1.2597386999418057 -1.8643620984602225 1.5049484991588027 -1.4194047875112288 1.3765353288116278 -1.4513927998066514 1.1148872777578056 
3.059202726469712 1.2584691555981116 -1.87079273824504 1.5083334367883996 -1.41825042292258 1.3802176071585692 -1.4509498426375673 1.1090606388468789 
3.059676092228218 1.258728736929902 -1.8776528689254257 1.5100511970863595 -1.4166524981480655 1.3813486202295182 -1.4514578291798095 1.1020690435608826 
3.060069340442027 1.2587162976580206 -1.8845688149679147 1.5127597224876133 -1.4138006620629107 1.3826343649124821 -1.4486505764620397 1.094710525135733 
3.060505548347699 1.2586721794895899 -1.8906247955795639 1.5152508506296885 -1.4107725910584898 1.384582924698039 -1.447997084420996 1.0882902664276928 
3.0612889240376 1.2576707646083867 -1.8955905466365786 1.5190791156634424 -1.4073940626290855 1.3871278786826913 -1.446887840043916 1.0821400848999667 
3.0619340425604578 1.2551090239642628 -1.89888692377126 1.5222496885216008 -1.40445304206886 1.3892567713040924 -1.4456920168854157 1.075466435375966 
3.0624545422447884 1.2530169013939063 -1.901478466637724 1.5240845330607478 -1.4029179791905344 1.391254267957954 -1.4445157614083262 1.0683279265754249 
3.0624437953139125 1.2511558958193816 -1.904430152504818 1.5245379034744666 -1.4012539291363546 1.3938296533534253 -1.4450529361482116 1.060080273317458 
3.062726871293958 1.2486615034462505 -1.908414069230849 1.526519169059905 -1.3993736180998118 1.3966611654371566 -1.4452890957586388 1.0511471883861763 
3.062761414587676 1.246776009615942 -1.9123578104287007 1.5313157127997954 -1.397401369575144 1.399585335088307 -1.4459109631206977 1.042737733543994 
3.0628599795614035 1.2431295779664184 -1.9171538199538987 1.5364738074513282 -1.3955725682629694 1.4033493672107673 -1.4477258993244064 1.0354119609244608 
3.063017350265483 1.2394102392448536 -1.9209080325833687 1.5430758918871386 -1.3918345309314004 1.4077222317215012 -1.4507574229835898 1.028687662615813 
