2.356194490192345 1.5707963267948966 -1.5707963267948966 1.5707963267948966 -1.5707963267948966 1.5707963267948966 -1.5707963267948966 1.5707963267948966 
2.3061950139328995 1.5207963273342247 -1.5207963281457706 1.520796327296452 -1.620796325361995 1.5207963274250824 -1.5207963306045513 1.5207963281874404 
2.2569991606981636 1.474759640680654 -1.476518087354513 1.4874133031318597 -1.6446697725179549 1.481865968527807 -1.493989671042013 1.4742801741170077 
2.2897029362539203 1.426838917377293 -1.4320904370064813 1.470870495718828 -1.6688794050424842 1.4505103372409818 -1.4536574361064398 1.446662099965696 
2.3264151944188147 1.3843007951551964 -1.4170958207346982 1.458273970497164 -1.7064382877564497 1.4214316339942235 -1.4139410543250774 1.4323850897523265 
2.3696423295974975 1.3524278361542756 -1.4161174949235302 1.4510784210999712 -1.7498610775730639 1.3905319430551513 -1.419315229557982 1.407135785135783 
2.4170776474405185 1.3311475025061414 -1.4051272062158078 1.4513733228528192 -1.796149454565364 1.36476670655278 -1.4282170623428616 1.3740618173379127 
2.467485697362877 1.3105366940366994 -1.388932438640769 1.4440559790829635 -1.841592848868505 1.343168261262738 -1.4458943980006569 1.3429034415907872 
2.516436429657316 1.2987971316106852 -1.3800770982575714 1.442229211135026 -1.8869201310150001 1.3285452506954807 -1.4401970806991746 1.3148517459667433 
2.5690935959722783 1.2906416063587318 -1.3790172956941693 1.4444313662771744 -1.9315484514342725 1.3183278237194058 -1.4330613526720586 1.2914986057528834 
2.6235133703790536 1.2839403970473489 -1.3797884261338202 1.4499255800430322 -1.975743581449842 1.3108927873087914 -1.4269469756537334 1.2707755067625155 
2.6804028208013095 1.2804728598553232 -1.380639099332611 1.454389270434895 -2.018306084640159 1.2982015348160572 -1.4155780095904489 1.2475082804565527 
2.7120347037942096 1.2763227090129532 -1.3797887773186834 1.465493415580766 -2.0544523388671494 1.2931670936066648 -1.3974819312464068 1.2249647400268733 
2.752942382132737 1.270108018485151 -1.3802198893302409 1.4756720657872986 -2.0888235138591975 1.286150878878927 -1.373253752024051 1.204222202194992 
2.8017568968032855 1.261861333236374 -1.3744296909771867 1.4895793985888828 -2.1226739051054007 1.2746134180950655 -1.3514512652370818 1.1777135171918576 
2.846924491972721 1.2557753351869745 -1.366207431496457 1.5065597030992008 -2.1563871348244223 1.2638553643214425 -1.3266306084517436 1.1555773465251284 
2.8766189229610624 1.2483407537190134 -1.3571758679780155 1.5246917559576385 -2.186749762010153 1.2532204122482205 -1.2993263879502162 1.1337776968353772 
2.874974560156935 1.23981238113593 -1.3531546416407674 1.5406794281949854 -2.220236739815197 1.243221697612777 -1.261792911162152 1.1078872678184322 
2.9072785841252564 1.2343009237850973 -1.345277503820153 1.555793370026738 -2.2583892233760614 1.2379121461352551 -1.235087327918271 1.0815003074093066 
2.956815819860316 1.2309165489133616 -1.327836774313627 1.5713036459004452 -2.2920978134551726 1.2369590637170174 -1.2152735375068937 1.054283449535301 
3.0120570396604722 1.229489887891463 -1.3040864783269666 1.588852898037799 -2.33087444985903 1.2410895536005724 -1.1953593474050292 1.0296179118382023 
3.072283766949929 1.2261606681995638 -1.2805596916436683 1.6079990037957068 -2.37167950711268 1.2426791517564633 -1.170511044029503 1.0090922746725846 
3.0704466274802886 1.2225939204776801 -1.2570474524164301 1.62843481421282 -2.4132609221469243 1.2457332591853316 -1.14396547791687 0.984183157383578 
3.0457632495594904 1.2227235431058043 -1.2446349589416679 1.6548044741397652 -2.454752542174735 1.2541352419765317 -1.1105984757234373 0.9535633447640763 
3.0245506113828413 1.2191521354008066 -1.2352987914424252 1.6759241206618871 -2.4934902191266146 1.2609265791445927 -1.0779617469076344 0.9293460619506443 
3.014749967490558 1.2149190418117635 -1.2277096873356772 1.6978966861582996 -2.5326869355495827 1.2651773497352412 -1.0467128235004048 0.9113566366105484 
2.998618495088278 1.2079925903456452 -1.2103445695162194 1.716378192689072 -2.571704467786072 1.2683887743756952 -1.01604686267979 0.8947804932703431 
2.991242687240175 1.1997627580352972 -1.1942517442629739 1.7361786580097363 -2.6080477620886393 1.2755894889489139 -0.9825154898869517 0.8716294891923703 
3.002383393255184 1.1872203965179373 -1.1809027489108164 1.7612751437329883 -2.645015053554541 1.2856239534717908 -0.9489601490063145 0.845759267720121 
3.022075149860923 1.1729027960578942 -1.170001197143079 1.7851846906167634 -2.682597819813118 1.2975305896495035 -0.9192556110718991 0.8183858509440213 
3.05192757403011 1.1597328900467878 -1.1602551660674576 1.811663552873806 -2.718842497779494 1.3080759544361316 -0.8934445246567954 0.792607107546673 
3.0939363096934653 1.1462392220211932 -1.1508253375993707 1.8401361017423934 -2.7505995470991467 1.3213951264496955 -0.8633454611299989 0.7633348297895232 
3.07514696016983 1.1313190664840334 -1.1438599261810205 1.8719960207552695 -2.779968069603718 1.3345148243129425 -0.8304971289469082 0.7309744368686885 
3.0751968918897328 1.1160873957274646 -1.137555389182504 1.9043395023664436 -2.809382044294331 1.3483598620059964 -0.7881197501568301 0.7017282794416269 
3.0783990528327148 1.0999045964994794 -1.134971833086905 1.9384704052348884 -2.8395757234592316 1.3622683599765437 -0.7429354537913094 0.670874227413146 
3.070184270797997 1.0812839935897278 -1.1343915445364294 1.9716943688802615 -2.8686882420774347 1.3723806086811654 -0.7014770828044524 0.63421648586278 
3.069933927753007 1.0639744858880602 -1.138236988629579 2.004780772823478 -2.8954830407031675 1.3779984873580622 -0.6618307500959575 0.5963645924953644 
3.089790644227856 1.049820968232763 -1.1369787601446955 2.0375196906329722 -2.9197039218624057 1.3866827659328673 -0.6244658089070577 0.5542680724199132 
3.1134682088707275 1.0365978716402555 -1.1304066577650804 2.073465388010427 -2.9416213221147385 1.3964267931637333 -0.5855469450239508 0.5025919834552338 
3.1077651628193164 1.0231589517089175 -1.1288616834255465 2.1090056805033224 -2.9651611389251125 1.4061588658777369 -0.5527390895746012 0.45193462222898784 
3.155596589216402 1.008300183830711 -1.1242102042484374 2.1476817479918355 -2.984407886330029 1.4166697014255674 -0.5227733689303589 0.4068975053730456 
3.105776457372001 0.9919875593576964 -1.117920698259429 2.189103405876609 -3.0022498210419557 1.4278820747609777 -0.4873115913314394 0.36467294127003136 
3.0639435275521167 0.977548977063519 -1.1174442407818528 2.232598927318691 -3.022321215951219 1.437565684622359 -0.4534238590034545 0.3223995149904533 
3.029159689809899 0.9631415709863408 -1.113748436653954 2.277679911255719 -3.0395285900169458 1.4521935519960378 -0.41418312102854776 0.27122490497940743 
3.00176594498468 0.9464619277007238 -1.1114374056121936 2.319996740713832 -3.056332064203026 1.464711172721994 -0.37524727897533383 0.23127168256933767 
2.9797909586117255 0.9223737587345606 -1.1130064362317609 2.362656479958712 -3.0722678883578034 1.4793429962279954 -0.3439812919505815 0.2021740973315617 
2.9624739921521153 0.9008680194219008 -1.1239102359588347 2.4016703949428275 -3.0938527304618986 1.4921051559001954 -0.3178134671521087 0.17524677884429432 
2.9492044611869637 0.8775949805906422 -1.1347460958336075 2.4425090265671576 -3.1128181822086685 1.5029308597492315 -0.2821237352753593 0.14080033059233354 
2.9385100189358333 0.8552948194257525 -1.15121637081163 2.4823061654567624 -3.133979632317207 1.5163252591745677 -0.24215995587755318 0.11249647397968288 
2.929812716816563 0.8350932408131909 -1.1678246536820203 2.516046602838029 -3.1542873175949264 1.535658600321594 -0.20771955454199792 0.09228706636078857 
2.9228249497615977 0.8161222646388745 -1.1719217224300718 2.548931028998368 -3.167124991991904 1.5524250808826938 -0.18146829518458904 0.06390378469457046 
2.917400453766135 0.7968339143786004 -1.1796427259400846 2.5811929337352915 -3.1735989988760287 1.566046328779915 -0.16102260860995748 0.04207722284528237 
2.913159392947938 0.7784400762346051 -1.1895537386745008 2.610154546754581 -3.181632700648102 1.5836192326521699 -0.13798167348073972 0.011302893629783699 
2.9098796045818998 0.7560758515967257 -1.20159932316303 2.6368847395964585 -3.186615235042003 1.603051677379936 -0.11982279999314403 -0.011814480962688258 
2.90728430467534 0.73424108061879 -1.2114532120435917 2.6607151573151224 -3.186985515644727 1.6193142127102635 -0.10395614029551108 -0.03832765854882503 
2.9054299377854287 0.71086303826448 -1.2177656609508234 2.685340367622449 -3.184708119800884 1.6362743012659686 -0.0930039660467769 -0.06274445542125529 
2.9039350949260236 0.6864130051444222 -1.226680042312816 2.7123442711345724 -3.182679319399163 1.6533330238247403 -0.08421625246417651 -0.08256417150743235 
2.90270987812861 0.6595618935821336 -1.2409487244589674 2.741354512145884 -3.1831169653271645 1.6697988595742115 -0.07348000422353408 -0.09788864587301355 
2.901515522346619 0.6344719342712016 -1.245658714971975 2.7700235434340987 -3.1804161052438116 1.683768367025254 -0.06401226634288952 -0.10601817412194661 
2.900366997454194 0.6126997439591225 -1.2408957241030227 2.7982892115035507 -3.1802288029391406 1.6958277097921064 -0.05463738567986228 -0.11670386110151713 
2.899542709152413 0.591139295935325 -1.2397385934879317 2.829522852893964 -3.1818330215723396 1.7110586259422322 -0.050340894340046835 -0.1304741801923546 
2.899279414087596 0.5703791161063722 -1.2419719029717673 2.8559401651595517 -3.178102680203984 1.7323427414440982 -0.0434595627862941 -0.14074336994675243 
2.89899223342435 0.5469047128589319 -1.2439964337266223 2.8791311977753264 -3.180438578045204 1.7553330674416059 -0.03361146726948879 -0.13945519441419804 
2.898517365653509 0.5206068607496848 -1.251854310272527 2.8991752617528284 -3.1743147614548004 1.7705103305787044 -0.022247787774808434 -0.13413442936441664 
2.898245404653112 0.4992070371906739 -1.2582006120599625 2.914161827269001 -3.1694969634499 1.7887038520745626 -0.008080410803725648 -0.1265529356093955 
2.8978669073450027 0.47742688432458474 -1.2674252373920125 2.9268342243882235 -3.159608109995343 1.8024859135890627 0.0017463422214142599 -0.11783044989714711 
2.897673312250317 0.45753631514563425 -1.275264321604967 2.943791218284576 -3.151794176070183 1.822864272913835 0.007748569095003009 -0.1017631905563187 
2.897449577179611 0.43473600295899995 -1.2872282566854978 2.960001193881635 -3.1455415985887822 1.8447030328427332 0.010585016558868674 -0.08549183781762845 
2.896974710319289 0.41167074146576127 -1.290906994280407 2.9728187990281247 -3.1341351461159275 1.8665518345552576 0.017107017101817328 -0.08437535573809456 
2.8968952903746468 0.3887810317753924 -1.2912341092222457 2.982775412738407 -3.1211303720683765 1.8885447575291938 0.015971350983680216 -0.08240608543803292 
2.8971758613687384 0.3655995224888516 -1.3032243875456386 2.9942179536753417 -3.106118238476671 1.9134910221414108 0.021774498233730826 -0.07129771865762065 
2.8976261639648735 0.3437722955639104 -1.314750963164977 3.004084197395486 -3.0957622936908282 1.935334701054304 0.026873207215724 -0.056357093275116926 
2.898039141009546 0.32124892157750096 -1.3302131073190215 3.0102378980995943 -3.0922081609986347 1.9539042418948473 0.03336251973617169 -0.035499146114234936 
2.8979382548223347 0.299024602109609 -1.3389642472007584 3.012578523405366 -3.0967309899672 1.968605183716944 0.04126376772319131 -0.016017194231738155 
2.8980816622643033 0.27698634019201923 -1.3497178911257381 3.014185292465386 -3.0980288028885385 1.9849542247184995 0.05022073445461325 -0.006933629029859207 
2.898597335642735 0.2538562823019444 -1.3551480829545435 3.022463058162341 -3.0970635201850265 2.0042574173985286 0.055743592431157216 0.00040970358483958906 
2.8987687790937233 0.232906188187647 -1.3573466146774718 3.027671404939776 -3.0968833403324703 2.0242286507978764 0.057666746057030954 0.001954110274390019 
2.899131715336038 0.21313974171846858 -1.3546612089381695 3.0257677617356245 -3.1031777639258977 2.0412083852532144 0.06665278974963679 0.003655247107266175 
2.8993295727754087 0.19635836415043018 -1.3521745200106052 3.025429384171399 -3.1063577809916705 2.057629610615571 0.07152825046048839 -0.004148246292202248 
2.8993443604346996 0.18267034534045606 -1.3567411078464908 3.0277276568064995 -3.1076866172702915 2.0772565909023974 0.07728148668388209 -0.010696593743680035 
2.8995005262134836 0.1695474727920659 -1.360792664452151 3.0328139088207533 -3.1112568245658556 2.0891324441660926 0.08039335934255676 -0.014824908658463289 
2.8998244430213638 0.1528992306942885 -1.358209530867963 3.0388692160321495 -3.1133357094006344 2.1034594703984726 0.08831252688874332 -0.035099478935212106 
2.899394387225069 0.13807547831699904 -1.360009343966851 3.044252760503006 -3.1166669758527363 2.120689407905684 0.08914362381579898 -0.04592049143304545 
2.8988388665791605 0.12529765620170413 -1.350162184652127 3.0504562728468922 -3.1287919824828947 2.136161079459667 0.08852979827044646 -0.042931678637369186 
2.8981766178859725 0.11194379497593282 -1.340086809811726 3.0533486248140744 -3.139171355384071 2.1558846860305465 0.084662881244248 -0.03855882749399221 
2.897760834176198 0.09913485402695206 -1.3387807793634625 3.0592415707115026 -3.1513361832276274 2.176964035220955 0.08384541201547158 -0.03617443642714075 
2.8974028395684464 0.0845964642963372 -1.3396104231833301 3.068011607135911 -3.166584217393402 2.2055073169461483 0.08235035828269321 -0.03847512465103159 
2.8972135875174345 0.07620054525395045 -1.3396267014685417 3.0764792208137086 -3.1792575741932616 2.2291910388196126 0.08563059010982682 -0.04024084396183539 
2.8971936457651806 0.06491394715454367 -1.3351537547538617 3.081684430086839 -3.1879243613249693 2.2525422181017474 0.08745547141911318 -0.05133319003138493 
2.897129856776465 0.04410642926630452 -1.3374063334115063 3.087109719615354 -3.1837497976422604 2.275531863995467 0.09234131752481929 -0.058413133422463806 
2.8970334216838523 0.02264966519881368 -1.318766727260315 3.088027372290282 -3.1857076253169803 2.2993686673532094 0.0882590642445798 -0.05734591589460408 
2.8971961088869342 0.00037486030459329966 -1.3024119249439619 3.086348103312569 -3.1871771915723435 2.321700746509206 0.07518491757319995 -0.062037523886246164 
2.8967778766077363 -0.020033856414415793 -1.280415606414644 3.0835893043811606 -3.193873919027392 2.3486120354975695 0.05991861765576049 -0.06957948310321978 
2.8961679169803585 -0.04150571906602878 -1.2592199476873622 3.083780798567846 -3.2015159700043805 2.376012904110763 0.05198951747806232 -0.08653620192682099 
2.8952341282339766 -0.05848426389744053 -1.2418579607619844 3.084008488816435 -3.2011039898802416 2.396004683715088 0.04617243609662419 -0.1026942517926174 
2.8940634310993767 -0.07654217492612383 -1.222835915368676 3.085940370129241 -3.2087498310867613 2.413296116035514 0.041214566578428036 -0.11584453647893715 
2.893162336964168 -0.09123215239048954 -1.209790378672575 3.0867310911880756 -3.2189750886819737 2.4315227582951664 0.041132339328319126 -0.11968708775509745 
2.8920532736329574 -0.0991395687175316 -1.2076529650800434 3.091127630166073 -3.2274374440615095 2.4573409694462787 0.0394550872498966 -0.11060949462646602 
2.891435841415349 -0.10305176953248135 -1.2086987905526851 3.0936046822034444 -3.229695412804478 2.479592321621718 0.02891356412467981 -0.11077447984234073 
2.890727311989855 -0.10917396839382304 -1.2113405368765433 3.0976247964972896 -3.2360071935703236 2.4988958662373975 0.02123237580956317 -0.11446239798608968 
