2.356194490192345 1.5707963267948966 1.5707963267948966 1.5707963267948966 
2.3661944898000646 1.5607963271340706 1.5607963268756346 1.5607963268438154 
2.374726078870475 1.5517421870846542 1.5513503930975838 1.5514314550297825 
2.3833534338709543 1.5422297212601903 1.5437511954006138 1.5422037531617705 
2.392789256457409 1.5325799953023507 1.5373322240061615 1.5329714189044952 
2.402586496932415 1.5226955048315751 1.532568808169984 1.523786980834579 
2.412773950366717 1.5126005927822792 1.5258401981956848 1.5146266515113036 
2.4232892649894318 1.5029842296562372 1.5192469027600777 1.505641249483701 
2.434197581131272 1.4931804849377532 1.5114116608495938 1.4966234159704683 
2.4450392249029704 1.4833824559258864 1.5030301490856506 1.4877390541941118 
2.456358962749149 1.473424619272004 1.4951423570912519 1.4790776585284975 
2.4679663609685747 1.463558356397061 1.487972108125284 1.4703923253925635 
2.4799069594228667 1.4536120954156282 1.48032754643948 1.4617078605223188 
2.4922777237112705 1.4442760262785965 1.4731889131672775 1.45301241934512 
2.504891506904031 1.4351479734605637 1.466008955395716 1.444454316681948 
2.5175989092500872 1.4257490251321685 1.4583088949745295 1.4358396906426985 
2.5302400689775175 1.416418104503985 1.4515278006604644 1.427336121159695 
2.5435226419064336 1.4072471138070952 1.4449549879724457 1.4187502080160048 
2.5567945344545495 1.3986219896169818 1.4405574259920717 1.410394905272904 
2.570035802913238 1.3898590411368827 1.436450933801215 1.4021362644521924 
2.5835002416055617 1.3815933388550294 1.4310446702572959 1.3939648427288778 
2.59765858224176 1.3733978853256477 1.4265574049397427 1.3859714998966506 
2.611477755662783 1.365531725853509 1.4209875069420175 1.3782053595191766 
2.625306531977841 1.3577684415313267 1.4145231480233476 1.3704477459169457 
2.639581712129317 1.3500681845044622 1.4076646596233235 1.3629917426146474 
2.654272466224778 1.343005778100442 1.4014726105898483 1.3557775804413508 
2.6695769947213837 1.3361375031053808 1.3954530111817525 1.3486674500846232 
2.6851225030744876 1.329307147303556 1.3899016478429052 1.3419300284131221 
2.7004780355652365 1.3225107520383588 1.3843445252387834 1.3350232485048081 
2.7158270105480504 1.3155027335510292 1.3800168043958478 1.3282331285961813 
2.731402948225956 1.3084624026701623 1.3752442223124122 1.3215643128466477 
2.7469759617918643 1.301512241354346 1.3703547410550745 1.314816112723592 
2.763354844878764 1.2945937002266301 1.3654279090190569 1.3082133134098166 
2.7803395381422926 1.2872769402566915 1.3613402217281958 1.3016233211487303 
2.797764893392144 1.279881219033575 1.3576899807120861 1.2950606252869876 
2.815711801384245 1.272589318614 1.3546198777517908 1.2888791582304038 
2.8337559864687396 1.2652867221584583 1.3514055342936873 1.2829420237835565 
2.8515653634713263 1.2583664749277754 1.3484955866960828 1.2770111861329645 
2.869277773336597 1.2519500056012012 1.344869446581964 1.2709856408507374 
2.8875292503678485 1.2453696800504894 1.3418250299271568 1.264611912686617 
2.90442956670719 1.2390425853278497 1.3389685085647938 1.2582964918736537 
2.921697882581971 1.2327673528224843 1.3358793654809284 1.2521579074098141 
2.9399253062382478 1.2263364695632815 1.3327607315306764 1.2459051203430969 
2.9593714992076623 1.2199794708192704 1.3301074708900484 1.2398542049947676 
2.978219696740111 1.2137230431607169 1.327099271258187 1.234193396513948 
2.996435897508908 1.2077716842463124 1.3244813512809657 1.2287422719450807 
3.0155091799175473 1.2023471084650685 1.3214867060539868 1.223312786497953 
3.0354638327792154 1.1971982498610954 1.318562211736906 1.2179680635453025 
3.056307066214733 1.1922301064272989 1.3159377743917622 1.2129633889007003 
3.077586470241879 1.1869145490747095 1.314455399124067 1.2079047026767764 
3.098674198100451 1.1814323526064907 1.3123707171503063 1.2024017430143352 
3.1207560337005043 1.175864206585012 1.3101353586629516 1.1968202433380093 
3.138573777459785 1.1698301285563462 1.3080186583168691 1.1911237531000167 
3.154139844764786 1.1642702257379733 1.3064477279129347 1.1854096402003478 
3.1684022189134082 1.1588753087820547 1.3046695920600695 1.180181293616995 
3.1802287378509804 1.154072410154058 1.303110621847741 1.174802642283144 
3.1899541715506134 1.1493466028398587 1.301203595732209 1.1694652963459513 
3.1976546487019513 1.1443937943799443 1.299062968085176 1.1644631425077112 
3.2037276013599416 1.140162903976205 1.2976780841516193 1.1592673206828916 
3.2085106700397272 1.136150614830039 1.2970406134305215 1.1542325268645586 
3.212266147859926 1.1323135953439176 1.2963264337943656 1.1490687619197961 
3.215369886957315 1.1282465193317104 1.2959024586886674 1.1439199267669398 
3.2179173371749132 1.1238968025060132 1.2954444672880285 1.1390487069106645 
3.219979762459175 1.1196536562835102 1.2944170504271264 1.1337733167587216 
3.2216674220103907 1.1149086831692354 1.2936710606595043 1.1284629242949558 
3.2230273530107345 1.110235433479575 1.2931295214106522 1.1233257670200816 
3.2241764265559367 1.1055660151503701 1.2927669942830318 1.1183972988807989 
3.2250906503210746 1.1006038493911459 1.293745754089776 1.1133000377683238 
3.2258956520900695 1.0955773655849634 1.2943071203518821 1.107971541422317 
3.226522860787637 1.090265715203174 1.2938964148476064 1.1022596642092206 
3.2270019505777308 1.0853856244767146 1.2936192727725784 1.0965984037818066 
3.2273883072069314 1.0807317073458573 1.2934802484925327 1.0911077098784936 
3.227602611441793 1.0762864334832403 1.2928638812123503 1.085925291525348 
3.22773686441487 1.0723976383626659 1.2917991477030222 1.081395863562454 
3.227807896466551 1.0687150731559174 1.2907750851022348 1.0768469054621665 
3.2279106103547903 1.0642841663421214 1.2904850484550185 1.0720507904481797 
3.227890215178517 1.0601243086128025 1.291544104331142 1.0670615653139826 
3.2278314957885876 1.0559577511381941 1.2922464063264414 1.062113937381169 
3.2276480987171965 1.0520953845178123 1.2934483609331713 1.057143333160536 
3.2274525401657197 1.0483989851183373 1.2936505087033336 1.0524376429751165 
3.227286519589827 1.0441865151860659 1.293466292983611 1.0476263149392169 
3.227107713749908 1.0401488354882373 1.2930796470683352 1.0429386211609843 
3.227038350996444 1.0356552786815418 1.2924499265518115 1.0384903601403879 
3.2270069095453358 1.0315097137672489 1.2912987201330186 1.033148773607443 
3.22697144200628 1.0270765989375663 1.2906979415692998 1.0282147074679924 
3.2269387031964167 1.022550932964635 1.2900131851962295 1.0233281085636907 
3.2268804752591853 1.0178826225737216 1.2900079623283462 1.018282874299234 
3.2269023905491263 1.013179517504912 1.2911808634207504 1.0129968071495943 
3.2269552614420527 1.0086598929135193 1.2917321635497645 1.0074382198243381 
3.2268780935718366 1.0042464972069598 1.2918759292064887 1.0020872591130272 
3.226808680955651 0.9998940207313277 1.292046119343664 0.9972683775194827 
3.226622644696799 0.9961579126798095 1.2919835073385242 0.9927654671552185 
3.2264425451102055 0.9925487671592785 1.2918904364384778 0.9878154083667868 
3.226276703078219 0.9890959537016434 1.2916727522518137 0.9828426628565401 
3.2261716662715454 0.98609582864481 1.2923095813743675 0.9780992663895604 
3.2260482943650386 0.9831644340688115 1.2923936260409699 0.9732569951387682 
3.2259071549296667 0.9802941950928671 1.2925279973219936 0.9682535339288167 
3.2256471979751278 0.9773131774332507 1.2928340121659885 0.9631664663912871 
3.22535664881053 0.9743907451272235 1.2923798380182467 0.9582050264889781 
3.2250864162936312 0.9710219882573604 1.2924306245316948 0.9532091238631749 
