[2.35619449 1.57079633 1.57079633 1.57079633 1.57079633 1.57079633
 1.57079633 1.57079633]
Expectation Value: 2.0
[2.47400421 1.57079633 1.57079633 1.57079633 1.57079633 1.57079633
 1.57079633 1.57079633]
Expectation Value: 1.62147433
[2.35619449 1.64933614 1.57079633 1.57079633 1.57079633 1.57079633
 1.57079633 1.57079633]
Expectation Value: 2.23678973
[2.35619449 1.57079633 1.64933614 1.57079633 1.57079633 1.57079633
 1.57079633 1.57079633]
Expectation Value: 2.3820958
[2.35619449 1.57079633 1.57079633 1.64933614 1.57079633 1.57079633
 1.57079633 1.57079633]
Expectation Value: 2.29111127
[2.35619449 1.57079633 1.57079633 1.57079633 1.64933614 1.57079633
 1.57079633 1.57079633]
Expectation Value: 2.30399987
[2.35619449 1.57079633 1.57079633 1.57079633 1.57079633 1.64933614
 1.57079633 1.57079633]
Expectation Value: 2.32039197
[2.35619449 1.57079633 1.57079633 1.57079633 1.57079633 1.57079633
 1.64933614 1.57079633]
Expectation Value: 2.34417831
[2.35619449 1.57079633 1.57079633 1.57079633 1.57079633 1.57079633
 1.57079633 1.64933614]
Expectation Value: 2.35516337
[2.38564692 1.59043128 1.49225651 1.59043128 1.59043128 1.59043128
 1.59043128 1.59043128]
Expectation Value: 1.94092821
[2.39301003 1.59534002 1.55116137 1.59534002 1.59534002 1.59534002
 1.59534002 1.49716525]
Expectation Value: 1.87848296
[2.40221391 1.60147594 1.54625263 1.60147594 1.60147594 1.60147594
 1.50330117 1.5572973 ]
Expectation Value: 1.79211884
[2.41371877 1.60914585 1.54011671 1.60914585 1.60914585 1.51097108
 1.5649672  1.55392254]
Expectation Value: 1.70113627
[2.42809984 1.61873323 1.53244681 1.61873323 1.52055846 1.57455458
 1.56350992 1.54970409]
Expectation Value: 1.59581834
[2.46405251 1.64270168 1.51327205 1.64270168 1.45616961 1.57643371
 1.55986671 1.53915797]
Expectation Value: 1.3213043
[2.45506435 1.63670956 1.51806574 1.53853479 1.57044159 1.57596392
 1.56077751 1.5417945 ]
Expectation Value: 1.41488446
[2.47978181 1.5550131  1.50488309 1.60900923 1.57035291 1.57725582
 1.55827281 1.53454405]
Expectation Value: 1.30665499
[2.54157547 1.50785158 1.47192647 1.62811568 1.5701312  1.58048557
 1.55201105 1.51641791]
Expectation Value: 1.02095201
[2.52612705 1.61781673 1.48016563 1.62333906 1.57018663 1.57967814
 1.55357649 1.52094944]
Expectation Value: 1.24873037
[2.53179466 1.60502814 1.55568272 1.61193106 1.54549051 1.5573549
 1.52472784 1.48394403]
Expectation Value: 1.13588627
[2.55912771 1.60254143 1.4979082  1.61117008 1.5281194  1.54294988
 1.50216606 1.57390475]
Expectation Value: 1.04184017
[2.58915227 1.59667188 1.49073082 1.60745769 1.50364434 1.52218244
 1.59392113 1.51792457]
Expectation Value: 0.96001509
[2.68262145 1.59426985 1.46296992 1.61044856 1.45472854 1.48253568
 1.63923111 1.49823821]
Expectation Value: 0.7314815
[2.64487308 1.58528298 1.47758005 1.60011346 1.45737011 1.60557845
 1.55082108 1.50737825]
Expectation Value: 0.82343176
[2.62730485 1.62725416 1.42359637 1.64579226 1.46736307 1.55444873
 1.53999814 1.47464994]
Expectation Value: 0.7012353
[2.70395517 1.65548308 1.34999639 1.68329023 1.41564644 1.54627494
 1.52459905 1.42657674]
Expectation Value: 0.47409562
[2.70846743 1.56603431 1.43430962 1.71424266 1.42901902 1.54185889
 1.54097233 1.47484732]
Expectation Value: 0.63525798
[2.76058299 1.54087535 1.4193627  1.62796102 1.53650335 1.5327454
 1.53715954 1.46140619]
Expectation Value: 0.57649844
[2.75712243 1.54652495 1.43726839 1.64847912 1.41406551 1.51776779
 1.53934552 1.46472891]
Expectation Value: 0.49208305
[2.80778678 1.54468775 1.33214771 1.66902414 1.40590538 1.53019426
 1.57184859 1.49693054]
Expectation Value: 0.43930046
[2.94578284 1.51451755 1.22038021 1.69757069 1.33611281 1.51661394
 1.59540897 1.5034238 ]
Expectation Value: 0.29641472
[2.87711751 1.52516848 1.32054024 1.69138527 1.37527484 1.53801529
 1.6177211  1.38934958]
Expectation Value: 0.35012165
[2.97855526 1.62418756 1.30867541 1.69025707 1.28454895 1.48986203
 1.58430362 1.41506934]
Expectation Value: 0.30420864
[2.95867819 1.5564823  1.26079567 1.74079519 1.35410476 1.43584004
 1.59386423 1.40103178]
Expectation Value: 0.27047526
[3.11558074 1.54208196 1.15240347 1.81113606 1.30247208 1.35097083
 1.61538581 1.34785854]
Expectation Value: 0.19548026
[3.02916964 1.53444846 1.19776418 1.78063197 1.31868222 1.5259916
 1.49949288 1.3725769 ]
Expectation Value: 0.22115683
[3.08349921 1.55478754 1.16728813 1.6934352  1.31680753 1.46270156
 1.58738179 1.37040018]
Expectation Value: 0.19688622
[3.11211271 1.58342454 1.1192164  1.79608539 1.15439925 1.45430409
 1.60375014 1.36108981]
Expectation Value: 0.19183633
[3.28787757 1.60469914 0.96914325 1.88014757 0.9633472  1.41508343
 1.63704545 1.31093162]
Expectation Value: 0.20720527
[3.20432084 1.58699984 1.02179772 1.81246885 1.21192052 1.45341578
 1.61766532 1.33185732]
Expectation Value: 0.1777344
[3.42792004 1.60723729 0.81406238 1.89446372 1.11084803 1.42123977
 1.65682521 1.26542152]
Expectation Value: 0.20859727
[3.38257951 1.4609209  1.02702005 1.8099524  1.15940811 1.40169384
 1.65567836 1.34632962]
Expectation Value: 0.1939191
[3.33578268 1.57517361 0.98309615 1.83149913 1.14581302 1.37587312
 1.57204562 1.3728018 ]
Expectation Value: 0.1972759
[3.32365179 1.46390104 0.91356617 1.86793785 1.20185494 1.39552916
 1.6023986  1.33651515]
Expectation Value: 0.19137746
[3.45089145 1.56091693 0.92515786 1.90321603 1.11672661 1.33850606
 1.59304066 1.20643353]
Expectation Value: 0.26080335
[3.32461429 1.54931708 0.99896345 1.85180469 1.17157316 1.38303303
 1.59363274 1.2806811 ]
Expectation Value: 0.19672531
[3.4413658  1.54470317 0.8980737  1.83794792 1.09737994 1.29338876
 1.71249172 1.31430648]
Expectation Value: 0.23064695
[3.13221868 1.53701214 1.12284156 1.79496096 1.26335665 1.46784089
 1.55274259 1.35800929]
Expectation Value: 0.1884255
[3.08386177 1.49443766 1.14767809 1.77794622 1.29963504 1.46649917
 1.63511322 1.31038345]
Expectation Value: 0.19266442
[3.33623587 1.49973625 0.9585836  1.9371379  1.1243474  1.38062013
 1.63170991 1.29778089]
Expectation Value: 0.19678315
[3.2730517  1.51349907 1.01075973 1.87621223 1.17246243 1.40114049
 1.62062788 1.31593571]
Expectation Value: 0.18382893
[3.08223014 1.49625221 1.12985735 1.78487029 1.26980409 1.46481553
 1.63220774 1.39631363]
Expectation Value: 0.20320841
[3.26401826 1.53605086 1.03168692 1.83507109 1.19613089 1.40347865
 1.60327649 1.30958923]
Expectation Value: 0.18282726
[3.32837308 1.50197955 0.94623819 1.83152268 1.11231987 1.51000469
 1.60742734 1.31956885]
Expectation Value: 0.18605654
[3.04782269 1.59340528 1.05142614 1.83809892 1.24361179 1.48635939
 1.55507203 1.31440758]
Expectation Value: 0.18421803
[3.33753067 1.58463042 0.90670513 1.88514328 1.08937905 1.42651911
 1.55562688 1.35135978]
Expectation Value: 0.20217323
[3.14727899 1.51698585 1.08743485 1.80474548 1.24707104 1.45650416
 1.61524163 1.32062754]
Expectation Value: 0.17993759
[3.3180713  1.47903386 0.92722142 1.86916913 1.25778278 1.43926421
 1.58986282 1.29053786]
Expectation Value: 0.18195137
[3.1051371  1.60234057 1.13628546 1.79762449 1.22430906 1.5089729
 1.58808042 1.3036182 ]
Expectation Value: 0.19757863
[3.26902312 1.49851092 0.969246   1.85035951 1.20746847 1.4238901
 1.59881906 1.32829091]
Expectation Value: 0.17966467
[3.33077131 1.51960417 0.88861118 1.88445102 1.1488353  1.42567348
 1.64925555 1.27469446]
Expectation Value: 0.18975425
[3.18185684 1.53266015 1.06428397 1.81733347 1.23472631 1.45729903
 1.57687083 1.33718058]
Expectation Value: 0.17897548
[3.09798786 1.56230691 1.094726   1.84434199 1.33047369 1.37033326
 1.58693168 1.31753783]
Expectation Value: 0.18811487
[3.27077677 1.51706139 0.98336014 1.83472751 1.16685833 1.47508683
 1.60230342 1.3190611 ]
Expectation Value: 0.17859418
[3.43427676 1.45179521 0.97252154 1.8369229  1.17999341 1.39116042
 1.65109483 1.32386248]
Expectation Value: 0.20421331
[3.14443621 1.55800276 1.03169999 1.83780491 1.22770719 1.46255965
 1.57907773 1.31677131]
Expectation Value: 0.17724615
[3.17689387 1.54282734 1.01842302 1.78920776 1.26495395 1.49173411
 1.57515145 1.32254325]
Expectation Value: 0.17130473
[3.12881496 1.55749147 1.02225466 1.74570553 1.31119971 1.53703092
 1.55241324 1.32584701]
Expectation Value: 0.1698625
[3.1521265  1.5256357  0.99513776 1.80800751 1.27005269 1.52278402
 1.57978702 1.33295418]
Expectation Value: 0.17083304
[3.05658726 1.59430315 1.11658235 1.75861907 1.21146828 1.50787841
 1.59068174 1.36260963]
Expectation Value: 0.19532632
[3.25270029 1.50785119 0.97456165 1.84153161 1.24620416 1.45641776
 1.59006755 1.3085558 ]
Expectation Value: 0.17416643
[3.25373489 1.55406751 0.92815063 1.83223925 1.22196331 1.49061686
 1.55900941 1.32950202]
Expectation Value: 0.17314977
[3.12816871 1.58643157 1.03606563 1.78209516 1.26518959 1.53991262
 1.56547957 1.32214142]
Expectation Value: 0.17821411
[3.20191295 1.56572521 0.93397308 1.80631161 1.24554756 1.52715708
 1.58457999 1.30949195]
Expectation Value: 0.16669247
[3.21194101 1.58225774 0.86881764 1.80080068 1.25095819 1.5620861
 1.58843457 1.29564763]
Expectation Value: 0.16281856
[3.09828408 1.59762306 0.98626128 1.78043587 1.33444051 1.53111909
 1.55568018 1.32175807]
Expectation Value: 0.17411621
[3.23342098 1.53105074 0.9211047  1.8326534  1.25342198 1.46409493
 1.59005418 1.31858192]
Expectation Value: 0.16968198
[3.16454389 1.5164952  0.91019936 1.80732584 1.31706641 1.55326156
 1.53096565 1.30554717]
Expectation Value: 0.16426119
[3.22945544 1.53511539 0.86992192 1.77437001 1.32361955 1.56679316
 1.55752522 1.31782714]
Expectation Value: 0.15920491
[3.27196505 1.5236717  0.78903289 1.74265255 1.37157573 1.61890992
 1.54674896 1.31835506]
Expectation Value: 0.15445641
[3.12600755 1.58922209 0.88067807 1.74592354 1.33646547 1.61355809
 1.53570575 1.32849246]
Expectation Value: 0.15993207
[3.28735463 1.49734998 0.84258265 1.79839121 1.24873536 1.5594665
 1.56509952 1.31697379]
Expectation Value: 0.16932044
[3.14030876 1.52672615 0.87930131 1.73812582 1.36790558 1.61718114
 1.56329281 1.30609779]
Expectation Value: 0.15615136
[3.23896271 1.55543057 0.78335506 1.74488714 1.34427941 1.60861327
 1.53839165 1.29593153]
Expectation Value: 0.15688465
[3.28981118 1.52305958 0.69651326 1.80698451 1.31140233 1.61226195
 1.56226004 1.29555982]
Expectation Value: 0.16189934
[3.19930271 1.54750251 0.74151536 1.71361942 1.38367514 1.72223971
 1.51767056 1.2970694 ]
Expectation Value: 0.15136461
[3.18224358 1.5557284  0.65172069 1.65410244 1.44880172 1.8513121
 1.48147874 1.28631314]
Expectation Value: 0.15081474
[3.1190913  1.59579788 0.77232192 1.71180942 1.43837835 1.69982953
 1.52172003 1.29101236]
Expectation Value: 0.1550092
[3.23053889 1.59647833 0.67023585 1.67899569 1.40037528 1.74267647
 1.55354248 1.29880528]
Expectation Value: 0.14804419
[3.26353639 1.6364699  0.55025409 1.61483061 1.44202971 1.83738392
 1.5648309  1.29543434]
Expectation Value: 0.14841763
[3.18779125 1.53427093 0.66197212 1.6550696  1.50383778 1.77899952
 1.48735055 1.30949423]
Expectation Value: 0.14823735
[3.08441609 1.59627194 0.82564122 1.61090704 1.4915025  1.77050806
 1.49479771 1.31306564]
Expectation Value: 0.16037142
[3.13576486 1.57796885 0.79335923 1.6599264  1.44647746 1.73094653
 1.51166329 1.30868918]
Expectation Value: 0.15282714
[3.25065905 1.52729611 0.61964669 1.65046872 1.49394235 1.79855903
 1.51534138 1.27518218]
Expectation Value: 0.14888342
[3.14062798 1.55405402 0.67604262 1.62790052 1.52354415 1.85099029
 1.50689292 1.30255577]
Expectation Value: 0.15600431
[3.23936173 1.58959041 0.5292817  1.60710551 1.53882762 1.9008747
 1.46789178 1.29150401]
Expectation Value: 0.15169184
[3.26372595 1.57114664 0.69585015 1.71213206 1.38700992 1.67953666
 1.51454139 1.29228309]
Expectation Value: 0.15381282
[3.32142129 1.52323997 0.58045291 1.62830382 1.45933361 1.82562421
 1.49791962 1.30414418]
Expectation Value: 0.15135438
[3.1809116  1.59525821 0.51159695 1.56887351 1.54807571 1.95822239
 1.46068334 1.27324876]
Expectation Value: 0.15225686
[3.16844711 1.55381117 0.55871638 1.56357936 1.57290796 1.96726707
 1.47942641 1.29456216]
Expectation Value: 0.15637328
[3.23990624 1.56681277 0.66156671 1.67499389 1.43348443 1.75146927
 1.50576264 1.29285285]
Expectation Value: 0.149098
[3.32244355 1.54419993 0.42825918 1.61955189 1.51019217 1.92098789
 1.48082934 1.27419698]
Expectation Value: 0.15410132
[3.18243453 1.56952662 0.70208422 1.64983278 1.46240614 1.77845687
 1.5039548  1.30006613]
Expectation Value: 0.14892859
[3.27767754 1.52047768 0.75764328 1.7308446  1.38717652 1.64877065
 1.54262716 1.31634174]
Expectation Value: 0.15288066
[3.20510309 1.57656307 0.57310853 1.60936628 1.50785091 1.88085945
 1.4811693  1.28402201]
Expectation Value: 0.14927698
[3.21066275 1.52288865 0.75091523 1.69317778 1.38868044 1.70111453
 1.5387381  1.29621599]
Expectation Value: 0.14986805
[3.10091355 1.58915126 0.7423596  1.68819797 1.45051115 1.7452376
 1.51891488 1.28159377]
Expectation Value: 0.15346923
[3.26629436 1.53971779 0.62092958 1.64327736 1.457128   1.80552756
 1.50316843 1.29850658]
Expectation Value: 0.1485276
[3.26110396 1.55266017 0.66339404 1.65969309 1.46312462 1.70810358
 1.54077818 1.30247318]
Expectation Value: 0.14602814
[3.30053415 1.55112605 0.66923072 1.66248841 1.47028607 1.63649932
 1.57042789 1.3105532 ]
Expectation Value: 0.14613873
[3.2452951  1.5929428  0.5423192  1.61224656 1.54185694 1.86004841
 1.48402884 1.29413462]
Expectation Value: 0.14994665
[3.21932083 1.54040219 0.69876623 1.67294498 1.42697456 1.740848
 1.52506079 1.29569565]
Expectation Value: 0.14800575
[3.25440919 1.53022815 0.75154033 1.71195274 1.40246738 1.64530062
 1.55257052 1.30924701]
Expectation Value: 0.15020457
[3.21742961 1.56497934 0.61771648 1.6350129  1.48150503 1.82196974
 1.4990196  1.29032826]
Expectation Value: 0.14782998
[3.21398688 1.5395201  0.65211959 1.63632989 1.48883901 1.79231593
 1.52629141 1.29978502]
Expectation Value: 0.14676164
[3.27934668 1.52930462 0.59911093 1.65811528 1.46652552 1.76879309
 1.5336834  1.29250146]
Expectation Value: 0.14757784
[3.21829407 1.57203725 0.67641451 1.65939097 1.4281351  1.74124944
 1.52688233 1.32171523]
Expectation Value: 0.14615449
[3.19065869 1.56769545 0.68900286 1.67061074 1.45770122 1.71821138
 1.54498375 1.304193  ]
Expectation Value: 0.14626166
[3.26987865 1.58149843 0.654718   1.66270378 1.3994573  1.72954238
 1.57520994 1.29188004]
Expectation Value: 0.14687311
[3.23696595 1.51554606 0.64257481 1.63470472 1.50269031 1.76258192
 1.51443487 1.30083767]
Expectation Value: 0.14622323
[3.25259529 1.56540817 0.59999658 1.63119536 1.49501996 1.76984387
 1.54026008 1.30523282]
Expectation Value: 0.14462729
[3.26923252 1.57791116 0.55061176 1.61032055 1.52904266 1.7843418
 1.54785973 1.3100014 ]
Expectation Value: 0.14425787
[3.26743724 1.54406397 0.66427015 1.66295436 1.4523739  1.67931513
 1.5785113  1.31551849]
Expectation Value: 0.14411752
[3.29244105 1.53360628 0.68754698 1.67692509 1.43780834 1.60798783
 1.61825715 1.3281136 ]
Expectation Value: 0.14446983
[3.20254281 1.58342852 0.6991655  1.64106175 1.46381551 1.7101223
 1.55505448 1.31909955]
Expectation Value: 0.14532147
[3.19517687 1.53171724 0.65467031 1.63106273 1.54697328 1.74451799
 1.50848908 1.32652584]
Expectation Value: 0.14543428
[3.24636615 1.57174485 0.65790639 1.65611984 1.47212514 1.66979496
 1.55295702 1.32530607]
Expectation Value: 0.14365139
[3.26255578 1.58785723 0.66079979 1.66601481 1.46376821 1.60853447
 1.56628982 1.3380666 ]
Expectation Value: 0.14433771
[3.2836212  1.54458186 0.61324901 1.61821626 1.50686891 1.73179539
 1.53625799 1.32617636]
Expectation Value: 0.14353732
[3.33010246 1.53302506 0.57537209 1.59201903 1.53145275 1.7385874
 1.53189511 1.33716805]
Expectation Value: 0.14440227
[3.24897776 1.6039902  0.6523456  1.65000017 1.46292447 1.67972823
 1.57226266 1.33586636]
Expectation Value: 0.1444865
[3.27532056 1.55548724 0.61248868 1.62296621 1.54617703 1.68568041
 1.57116028 1.31852658]
Expectation Value: 0.14199938
[3.3038338  1.54721223 0.58052576 1.60475383 1.60519799 1.65789589
 1.59329925 1.31693226]
Expectation Value: 0.14139108
[3.24319313 1.57350234 0.60479208 1.60892929 1.54670585 1.70627435
 1.5703947  1.34138341]
Expectation Value: 0.14182475
[3.32112427 1.60489154 0.60104625 1.63202628 1.46279033 1.66029903
 1.61816021 1.32104513]
Expectation Value: 0.14384163
[3.3434037  1.55854601 0.53202125 1.6197684  1.54569181 1.68223889
 1.58737124 1.32895782]
Expectation Value: 0.14248124
[3.32057525 1.52662329 0.54876006 1.60327204 1.56727468 1.71326063
 1.5739402  1.31046388]
Expectation Value: 0.14292353
[3.31315617 1.53988036 0.65003098 1.64118952 1.51071449 1.59087677
 1.60486324 1.33644445]
Expectation Value: 0.1425382
[3.32638118 1.57268166 0.5328128  1.58311451 1.6019684  1.67379385
 1.58079966 1.33615886]
Expectation Value: 0.14086339
[3.35585316 1.5869905  0.46708412 1.54319458 1.67676564 1.6710332
 1.58194384 1.34647904]
Expectation Value: 0.14190119
[3.27400837 1.50380161 0.57897833 1.60181464 1.62634648 1.69618365
 1.53181062 1.33441065]
Expectation Value: 0.14282949
[3.35567705 1.51996249 0.50238617 1.56414478 1.65556701 1.6932849
 1.59172721 1.33242585]
Expectation Value: 0.14261946
[3.33643596 1.54097064 0.51932784 1.58853049 1.65799777 1.62165684
 1.62229354 1.33311793]
Expectation Value: 0.1404467
[3.36284334 1.53916503 0.47236725 1.5736876  1.73356221 1.56658756
 1.66531131 1.33658871]
Expectation Value: 0.14179833
[3.30344709 1.56251604 0.57645874 1.59978933 1.62027277 1.61729065
 1.59669966 1.35449393]
Expectation Value: 0.14016239
[3.29488302 1.58046242 0.59030809 1.59804798 1.64677182 1.56930567
 1.60807939 1.37650895]
Expectation Value: 0.14133586
[3.35737365 1.60001634 0.54561058 1.6007404  1.55968254 1.61464438
 1.65505151 1.33556798]
Expectation Value: 0.14174884
[3.27612912 1.60386892 0.63300883 1.64755916 1.5064909  1.59788301
 1.61096599 1.33833831]
Expectation Value: 0.14234621
[3.30939324 1.59994818 0.48110849 1.57210683 1.65028752 1.7020427
 1.59935564 1.33479317]
Expectation Value: 0.14397052
[3.31221544 1.55489732 0.60780036 1.62391885 1.54560775 1.61866825
 1.60348634 1.33603163]
Expectation Value: 0.14079745
[3.27134864 1.58037036 0.61806299 1.59456556 1.61528919 1.59478791
 1.62087642 1.34404825]
Expectation Value: 0.14075861
[3.33742811 1.52917281 0.51333895 1.55352641 1.68168967 1.67837002
 1.59975928 1.33609525]
Expectation Value: 0.14199538
[3.32210336 1.54784684 0.54325642 1.57703459 1.63788998 1.65824827
 1.60256096 1.33665601]
Expectation Value: 0.14060432
[3.39009166 1.55312551 0.5261718  1.5841826  1.66427075 1.55797216
 1.64837214 1.3318683 ]
Expectation Value: 0.1422959
[3.27991776 1.56840813 0.58513701 1.60274262 1.57609708 1.6691988
 1.58988906 1.33900463]
Expectation Value: 0.14057049
[3.25654716 1.51870947 0.5952349  1.59287205 1.65539769 1.66324074
 1.54742472 1.3385429 ]
Expectation Value: 0.1417272
[3.28175378 1.53903618 0.58282882 1.59483913 1.6314689  1.65109165
 1.57433141 1.33779917]
Expectation Value: 0.14055737
[3.304567   1.56946956 0.56089549 1.58637994 1.61644996 1.61828816
 1.60443501 1.36239534]
Expectation Value: 0.13909997
[3.3049336  1.58059823 0.55108036 1.57719299 1.62207595 1.5984843
 1.6100029  1.38512689]
Expectation Value: 0.13861207
[3.27665772 1.54597928 0.61317534 1.60653888 1.62470645 1.58356282
 1.62423541 1.35541075]
Expectation Value: 0.14000827
[3.28193404 1.56153411 0.53953152 1.56138955 1.70084177 1.62991206
 1.606736   1.36038276]
Expectation Value: 0.1419961
[3.30464509 1.55655651 0.59073315 1.60828652 1.58441625 1.6214792
 1.60429876 1.34211941]
Expectation Value: 0.1398389
[3.33112495 1.53010761 0.52243642 1.59417308 1.6234421  1.66046522
 1.5852015  1.35188393]
Expectation Value: 0.14043404
[3.28262563 1.55819632 0.592038   1.61598866 1.59722934 1.5975591
 1.5991771  1.36308315]
Expectation Value: 0.13916651
[3.3254882  1.53508207 0.55188266 1.59359216 1.66430531 1.56869864
 1.61417101 1.36675416]
Expectation Value: 0.13922071
[3.33458578 1.56346549 0.54645431 1.60118389 1.61714258 1.56620755
 1.63968856 1.37519837]
Expectation Value: 0.13899782
[3.27944106 1.56715475 0.6167369  1.61065589 1.58039992 1.58178003
 1.59607519 1.39039972]
Expectation Value: 0.13925027
[3.27183109 1.58727956 0.63720344 1.60913401 1.60419504 1.52330035
 1.63588565 1.38126266]
Expectation Value: 0.14097471
[3.31630149 1.5444006  0.55112818 1.59791331 1.61863034 1.626174
 1.59787254 1.35922861]
Expectation Value: 0.13935298
[3.30272254 1.55034227 0.57684848 1.60304875 1.60695376 1.56869576
 1.6246807  1.37983634]
Expectation Value: 0.13795406
[3.30236027 1.54425538 0.57704334 1.60467846 1.60029426 1.54439831
 1.63867122 1.39250754]
Expectation Value: 0.13725783
[3.33593755 1.56644806 0.53109889 1.59583409 1.59641704 1.59263246
 1.60075391 1.38819371]
Expectation Value: 0.13855524
[3.3157733  1.55834371 0.53863251 1.59097334 1.63970743 1.5475044
 1.61980435 1.41300362]
Expectation Value: 0.13758225
[3.30398486 1.57398541 0.57511356 1.59961156 1.61076262 1.52314219
 1.63171352 1.40933818]
Expectation Value: 0.13824243
[3.34698124 1.55293892 0.499099   1.58410789 1.65658372 1.55287671
 1.64242045 1.38290169]
Expectation Value: 0.13805626
[3.30630736 1.58947581 0.55075733 1.59880056 1.57074793 1.56200261
 1.63138699 1.41058413]
Expectation Value: 0.13822859
[3.35509036 1.57418143 0.50028183 1.57210703 1.63120354 1.52425303
 1.65443337 1.42613038]
Expectation Value: 0.13805755
[3.30825636 1.57159125 0.5343224  1.57964258 1.61480554 1.54511595
 1.61760812 1.42674816]
Expectation Value: 0.13658303
[3.29509164 1.57565413 0.52825645 1.56887193 1.61363701 1.53457016
 1.6065679  1.45252306]
Expectation Value: 0.13579435
[3.33544805 1.55322248 0.52399037 1.60155323 1.60776244 1.49686067
 1.64643503 1.43366869]
Expectation Value: 0.13720208
[3.30432172 1.56406626 0.54219471 1.58434191 1.6362577  1.47876956
 1.66710431 1.44197061]
Expectation Value: 0.13735202
[3.33635863 1.55404912 0.48995032 1.57674703 1.62828588 1.53716666
 1.64499239 1.42898426]
Expectation Value: 0.13618666
[3.34154894 1.52970205 0.4991048  1.57204464 1.68268507 1.49209726
 1.64872027 1.43233834]
Expectation Value: 0.13672479
[3.28938059 1.53387658 0.54928605 1.59872258 1.63509984 1.5218079
 1.62424561 1.41834407]
Expectation Value: 0.13587356
[3.28308955 1.55035351 0.56301564 1.59037538 1.60434869 1.48541703
 1.63171482 1.47043336]
Expectation Value: 0.13603649
[3.30612655 1.54295117 0.52957791 1.58336045 1.61238529 1.47526749
 1.65730854 1.45468886]
Expectation Value: 0.13567981
[3.30130317 1.53525489 0.52505062 1.57955401 1.59872422 1.43914903
 1.67606063 1.47553148]
Expectation Value: 0.1362156
[3.31802933 1.53194985 0.52286151 1.58974651 1.60986692 1.54312681
 1.60755964 1.42890143]
Expectation Value: 0.13603016
[3.32390805 1.54868434 0.47446742 1.56567698 1.64822353 1.47718019
 1.62821482 1.48746297]
Expectation Value: 0.13522015
[3.33468194 1.55089881 0.42317946 1.54617624 1.67218816 1.44357112
 1.62298662 1.53494069]
Expectation Value: 0.13552847
[3.28793527 1.5385827  0.51513965 1.55983315 1.65087062 1.5197977
 1.61589596 1.4597504 ]
Expectation Value: 0.13414923
[3.26417888 1.53126281 0.5107143  1.53897311 1.67242471 1.53126622
 1.60062643 1.47279126]
Expectation Value: 0.13316685
[3.26249186 1.56249333 0.54292759 1.58107385 1.5733829  1.53435335
 1.60158727 1.47119398]
Expectation Value: 0.13474334
[3.24921548 1.5402573  0.56532639 1.57745317 1.61405634 1.48858062
 1.59446387 1.48510049]
Expectation Value: 0.13438761
[3.29401605 1.54142886 0.49283877 1.56059426 1.64042045 1.54112116
 1.5984287  1.44731817]
Expectation Value: 0.13407419
[3.25307294 1.56220228 0.52548721 1.55393507 1.64254059 1.48290996
 1.62030115 1.49345428]
Expectation Value: 0.13445042
[3.27264477 1.56735697 0.49311296 1.53376213 1.61916787 1.49450438
 1.60262906 1.5227892 ]
Expectation Value: 0.13430296
[3.261322   1.52350514 0.50535669 1.55483533 1.6420134  1.47172569
 1.61932205 1.50617674]
Expectation Value: 0.13307323
[3.24443718 1.49743065 0.49390682 1.54781703 1.6562016  1.44030345
 1.62569913 1.53300358]
Expectation Value: 0.13290428
[3.23486476 1.54482797 0.49511745 1.53146095 1.6542192  1.52228734
 1.56067907 1.52358962]
Expectation Value: 0.13195323
[3.19923387 1.54576637 0.47788722 1.5055112  1.67513616 1.54579727
 1.51236434 1.55804001]
Expectation Value: 0.13091478
[3.18591471 1.53836531 0.5510829  1.53410298 1.62510913 1.53752892
 1.56081016 1.50845977]
Expectation Value: 0.13216317
[3.22818661 1.51852431 0.48466155 1.50696339 1.71288131 1.48114964
 1.57724344 1.53404521]
Expectation Value: 0.1317659
[3.23138395 1.50789587 0.49189551 1.52235924 1.6613088  1.53215296
 1.54776513 1.52193264]
Expectation Value: 0.1315527
[3.23078352 1.52175049 0.43369861 1.48506766 1.70160616 1.53737538
 1.56192773 1.53949446]
Expectation Value: 0.13057852
[3.22156754 1.51249708 0.36788472 1.43887491 1.74538108 1.56177276
 1.54565966 1.56669145]
Expectation Value: 0.13018995
[3.19458492 1.48093584 0.47460499 1.5050369  1.72804794 1.54826871
 1.53952019 1.51278132]
Expectation Value: 0.13129545
[3.14835586 1.4917407  0.47032073 1.46431543 1.72870223 1.50343882
 1.52899341 1.60461814]
Expectation Value: 0.1306154
[3.14923728 1.49202622 0.44234681 1.46727216 1.71076735 1.50633691
 1.50888744 1.61210177]
Expectation Value: 0.13032606
[3.145179   1.52450728 0.44626429 1.43829202 1.7406319  1.61380805
 1.45461181 1.57166399]
Expectation Value: 0.13056817
[3.19351755 1.48010811 0.36288356 1.42805334 1.80060507 1.53565236
 1.49295119 1.61200886]
Expectation Value: 0.13035311
[3.14257838 1.49034505 0.39886041 1.43546541 1.73476382 1.60565732
 1.45544485 1.60591433]
Expectation Value: 0.12964398
[3.09977427 1.47625542 0.35595985 1.39971643 1.74570508 1.66791116
 1.39454556 1.6418489 ]
Expectation Value: 0.130683
[3.11717966 1.49658579 0.36836767 1.3983461  1.80470009 1.57303009
 1.46184309 1.63902233]
Expectation Value: 0.13041251
[3.13462737 1.52745831 0.35909887 1.38899574 1.75712399 1.56310469
 1.45066876 1.6797339 ]
Expectation Value: 0.13041098
[3.11382679 1.45805076 0.32611955 1.35939258 1.83053272 1.56990298
 1.46240072 1.66489869]
Expectation Value: 0.1315945
[3.1778821  1.52383747 0.4399453  1.46898155 1.7139853  1.5518237
 1.49987343 1.58475468]
Expectation Value: 0.12986988
[3.17208636 1.52010063 0.32609218 1.40175488 1.77328741 1.62435765
 1.43849164 1.61335469]
Expectation Value: 0.12987835
[3.18199005 1.48623239 0.32010559 1.418644   1.76952163 1.51662582
 1.5088432  1.65673151]
Expectation Value: 0.12980482
[3.226192   1.51156552 0.38593669 1.4636644  1.69665882 1.54330271
 1.51336196 1.59380047]
Expectation Value: 0.13037108
[3.23163545 1.47671981 0.40191495 1.49168192 1.72911863 1.54827762
 1.54020958 1.53160554]
Expectation Value: 0.13107729
[3.15887939 1.51477368 0.36980289 1.41466729 1.75012265 1.55939792
 1.47305397 1.64270181]
Expectation Value: 0.12967544
[3.12324266 1.49341464 0.37104367 1.40476398 1.80294976 1.5721034
 1.46743939 1.62976431]
Expectation Value: 0.13031117
[3.13834839 1.52819868 0.39613684 1.43455271 1.69958968 1.5888665
 1.4814722  1.61599478]
Expectation Value: 0.12957829
[3.11076381 1.55224397 0.41276347 1.4378024  1.64908199 1.61547357
 1.47573271 1.61798774]
Expectation Value: 0.13074818
[3.17990643 1.52532369 0.30512109 1.38715402 1.78663298 1.63881435
 1.45868215 1.61687512]
Expectation Value: 0.13054823
[3.15690457 1.50035059 0.40804038 1.44724263 1.72973376 1.53945627
 1.49633612 1.61329511]
Expectation Value: 0.12962161
[3.21431653 1.52566926 0.3856734  1.46028186 1.67614658 1.56488608
 1.50735438 1.59509528]
Expectation Value: 0.13016436
[3.1141789  1.50987986 0.39327953 1.43152267 1.71640663 1.57599506
 1.41955779 1.6652691 ]
Expectation Value: 0.12976356
[3.0963955  1.49276033 0.37739238 1.40292592 1.79570614 1.57565897
 1.43591392 1.65440872]
Expectation Value: 0.13029902
[3.18483627 1.51744202 0.38360315 1.44594287 1.70603647 1.56757931
 1.48949427 1.60992364]
Expectation Value: 0.12951744
[3.14181316 1.4976643  0.45135134 1.4724999  1.68175257 1.50199283
 1.51752731 1.63529155]
Expectation Value: 0.1304692
[3.16451806 1.51449155 0.35740697 1.41944114 1.7504037  1.59376644
 1.45825056 1.61883891]
Expectation Value: 0.12942759
[3.1326764  1.49159099 0.31686364 1.39288813 1.75015928 1.58501246
 1.44573981 1.67241262]
Expectation Value: 0.12972311
[3.11624004 1.53053572 0.43589286 1.43678671 1.68978237 1.637307
 1.42099419 1.60435606]
Expectation Value: 0.13045548
[3.16555255 1.49730822 0.34905241 1.42317968 1.74958681 1.54679612
 1.48688095 1.64363765]
Expectation Value: 0.12939834
[3.1968946  1.50374534 0.35166214 1.4218223  1.75119241 1.57063803
 1.52711039 1.59041061]
Expectation Value: 0.12981715
[3.13485783 1.50834623 0.38287518 1.42909758 1.72510308 1.5746558
 1.44644594 1.64655448]
Expectation Value: 0.12944406
[3.17894245 1.52622302 0.44458092 1.46950919 1.71117571 1.55903146
 1.50110491 1.57680256]
Expectation Value: 0.12996275
[3.14424292 1.50024899 0.34879296 1.4120434  1.74041339 1.57851721
 1.45958108 1.64851011]
Expectation Value: 0.12942936
[3.14908035 1.49940915 0.38638918 1.44707407 1.70878503 1.58942582
 1.47042253 1.60796544]
Expectation Value: 0.12930293
[3.14418084 1.49172688 0.39468233 1.46327745 1.68811622 1.60443978
 1.46910681 1.59059725]
Expectation Value: 0.12961576
[3.16700685 1.52610381 0.35421385 1.4291781  1.71764916 1.53910855
 1.49177606 1.64526569]
Expectation Value: 0.12980103
[3.1486855  1.49928474 0.38769877 1.43389359 1.73048516 1.58902013
 1.46452765 1.61575217]
Expectation Value: 0.1293737
[3.1506259  1.51583181 0.33994848 1.41406363 1.72286707 1.61770056
 1.44293268 1.63849918]
Expectation Value: 0.12925638
[3.14748656 1.52357242 0.30590253 1.39747413 1.71943373 1.6568227
 1.41623096 1.65110122]
Expectation Value: 0.12951337
[3.17225145 1.484892   0.33780494 1.42163128 1.75883049 1.57549884
 1.44816171 1.64142562]
Expectation Value: 0.12959403
[3.14682416 1.51737201 0.38155386 1.43132235 1.71439989 1.58552459
 1.47314458 1.62235249]
Expectation Value: 0.12933858
[3.11626054 1.49563115 0.34982631 1.40658598 1.75447456 1.60127236
 1.43605223 1.65060396]
Expectation Value: 0.12952076
[3.16769234 1.51198931 0.37515894 1.43610365 1.71814599 1.57600257
 1.47613376 1.62009372]
Expectation Value: 0.1293251
[3.17444762 1.50563772 0.34862521 1.4251828  1.73366868 1.59453256
 1.48652251 1.60735794]
Expectation Value: 0.12926297
[3.1726137  1.51508213 0.3826655  1.44552183 1.71667219 1.59467499
 1.48012272 1.59511427]
Expectation Value: 0.12925937
[3.15436247 1.50098722 0.38036612 1.44464426 1.698249   1.57965289
 1.48692128 1.61885431]
Expectation Value: 0.12918428
[3.14928468 1.49423506 0.3918457  1.45724582 1.67217165 1.57259611
 1.50125664 1.61886201]
Expectation Value: 0.12935914
[3.15053046 1.5190903  0.39654911 1.44627186 1.68623144 1.63483741
 1.45830098 1.58785973]
Expectation Value: 0.12960592
[3.16179703 1.50275374 0.36092658 1.42895272 1.73374797 1.56880644
 1.47973596 1.62969317]
Expectation Value: 0.12922821
[3.17067539 1.51798103 0.3512097  1.43432274 1.7061488  1.58755998
 1.48445635 1.61923046]
Expectation Value: 0.12915315
[3.18167034 1.52732918 0.33296516 1.43453732 1.69398063 1.5868299
 1.4944207  1.6209696 ]
Expectation Value: 0.12927276
[3.17849954 1.50004602 0.34976857 1.43764407 1.7201713  1.59156436
 1.47866736 1.61184964]
Expectation Value: 0.12916011
[3.16033316 1.5024429  0.3498159  1.43324788 1.71693152 1.60497683
 1.47631159 1.61204738]
Expectation Value: 0.12901786
[3.15665357 1.4976697  0.33714438 1.43181999 1.71632429 1.61946396
 1.47640051 1.60802421]
Expectation Value: 0.12896401
[3.18083845 1.51458819 0.32627445 1.41846395 1.7281773  1.59906311
 1.48351732 1.62419036]
Expectation Value: 0.12918113
[3.1570689  1.51059724 0.35845073 1.4386755  1.7019208  1.59508901
 1.46666604 1.62900596]
Expectation Value: 0.12899172
[3.15501661 1.50003161 0.31835675 1.41662489 1.71522944 1.59505009
 1.46970165 1.64972255]
Expectation Value: 0.12908864
[3.17810209 1.49533188 0.35567584 1.4487234  1.70712515 1.5663619
 1.51358393 1.60914348]
Expectation Value: 0.12904577
[3.17100723 1.50655448 0.33338505 1.43877698 1.68958855 1.61464489
 1.48524265 1.61281207]
Expectation Value: 0.12891596
[3.17561233 1.50845485 0.31961429 1.4436891  1.66750884 1.63756411
 1.487996   1.60437152]
Expectation Value: 0.128971
[3.18260297 1.50971282 0.30220025 1.42161862 1.7229224  1.61254643
 1.47763767 1.62214037]
Expectation Value: 0.1289473
[3.15656813 1.494893   0.35027337 1.4485876  1.69168039 1.59650705
 1.47957173 1.61629182]
Expectation Value: 0.12902562
[3.15342418 1.50814692 0.32690545 1.43214336 1.69256365 1.60524146
 1.48464777 1.62974309]
Expectation Value: 0.128826
[3.1408865  1.51219737 0.31547389 1.429393   1.67875983 1.61208001
 1.48763797 1.63868982]
Expectation Value: 0.12887151
[3.15693553 1.48775338 0.31938826 1.43491984 1.70318987 1.61366622
 1.47890664 1.62499043]
Expectation Value: 0.12879832
[3.1500656  1.47263956 0.30347754 1.4352184  1.7017104  1.62671934
 1.47613178 1.62787041]
Expectation Value: 0.1288922
[3.17307404 1.50263325 0.35249908 1.45719143 1.69109934 1.61083014
 1.49596258 1.58831531]
Expectation Value: 0.12883004
[3.14873154 1.50915832 0.3143858  1.42720993 1.69519717 1.65063539
 1.44767496 1.62368734]
Expectation Value: 0.12898343
[3.16830636 1.51316353 0.31081639 1.42200131 1.71152113 1.63402233
 1.47371298 1.61838787]
Expectation Value: 0.12890651
[3.17061496 1.49810085 0.29073043 1.42774487 1.7036808  1.64517369
 1.4883804  1.60301921]
Expectation Value: 0.12884729
[3.18442317 1.49677541 0.32888152 1.43934417 1.71252534 1.58826189
 1.51754784 1.6031708 ]
Expectation Value: 0.1289028
[3.18344354 1.50804046 0.30405723 1.43661515 1.69044848 1.61163281
 1.49910913 1.61762058]
Expectation Value: 0.12873498
[3.19683853 1.51322585 0.28751365 1.43901273 1.67751058 1.60771723
 1.51046344 1.62241876]
Expectation Value: 0.12883674
[3.15770428 1.49557926 0.3394656  1.45056566 1.67573189 1.61832192
 1.50323983 1.60237447]
Expectation Value: 0.1287132
[3.14525493 1.48851248 0.35809828 1.46503918 1.65213663 1.62120967
 1.51604091 1.59249152]
Expectation Value: 0.12883565
[3.16597428 1.49599378 0.30980094 1.43635447 1.70560157 1.61714273
 1.50013414 1.60909337]
Expectation Value: 0.12859479
[3.16345781 1.49071343 0.29800888 1.43514322 1.71360808 1.61839165
 1.50757988 1.60723402]
Expectation Value: 0.12853751
[3.16746301 1.48377222 0.32916773 1.45641562 1.68419073 1.59385762
 1.52013054 1.60072911]
Expectation Value: 0.12874209
[3.14710617 1.49690953 0.31117415 1.44334062 1.67610287 1.64101699
 1.47694135 1.61533575]
Expectation Value: 0.12866311
[3.15503718 1.49528626 0.35443616 1.45883886 1.67805293 1.58306601
 1.50324903 1.61856648]
Expectation Value: 0.12871624
[3.14806889 1.48891712 0.29315178 1.42980415 1.68737279 1.61046853
 1.49748846 1.64083318]
Expectation Value: 0.12865513
[3.16637992 1.47859599 0.310307   1.45426742 1.68461076 1.61736397
 1.51201344 1.60217791]
Expectation Value: 0.12857408
[3.16522967 1.49670019 0.31555387 1.45632783 1.66933977 1.60986365
 1.52603127 1.60122744]
Expectation Value: 0.12840794
[3.16937674 1.50117359 0.31363668 1.46703182 1.65241472 1.60796237
 1.54959359 1.58934595]
Expectation Value: 0.12835127
[3.15518062 1.50503169 0.30189164 1.43748611 1.6803949  1.63319845
 1.49217314 1.62264298]
Expectation Value: 0.1284636
[3.13213436 1.48001125 0.32646074 1.45750431 1.67162375 1.62081467
 1.51146055 1.60700711]
Expectation Value: 0.12851829
[3.15481502 1.48894671 0.26908796 1.43494697 1.68241201 1.65881863
 1.50937353 1.60317136]
Expectation Value: 0.1285683
[3.1514256  1.48699557 0.2664641  1.43931549 1.68640308 1.63368689
 1.51091616 1.61956259]
Expectation Value: 0.12821689
[3.14828627 1.48270373 0.22996335 1.43369041 1.69173868 1.64136938
 1.51475433 1.62815666]
Expectation Value: 0.12813051
[3.16231874 1.48211385 0.27445286 1.44412798 1.68994105 1.61107992
 1.54666788 1.60980654]
Expectation Value: 0.12835041
[3.16491848 1.48840544 0.28780049 1.46124541 1.6793132  1.64178123
 1.53841563 1.57655245]
Expectation Value: 0.12831528
[3.14624209 1.50117893 0.26501865 1.43852664 1.68075084 1.6409901
 1.53049119 1.60880136]
Expectation Value: 0.12836618
[3.15566376 1.49388627 0.30522037 1.45874201 1.68253429 1.59507831
 1.53841051 1.6092154 ]
Expectation Value: 0.1281207
[3.15608813 1.49635605 0.32328657 1.47063953 1.68259543 1.56320815
 1.552929   1.61223742]
Expectation Value: 0.12821967
[3.14507245 1.49291276 0.27810232 1.46444545 1.64356977 1.62967695
 1.54791182 1.60564809]
Expectation Value: 0.12807644
[3.13587977 1.49401242 0.26814904 1.47909657 1.60855061 1.6353196
 1.56807779 1.60485513]
Expectation Value: 0.12820178
[3.17963043 1.50684031 0.23756084 1.44381965 1.67854061 1.62946951
 1.55314397 1.60553525]
Expectation Value: 0.12839789
[3.16269662 1.48227203 0.24604725 1.46542124 1.66930589 1.6161535
 1.58767409 1.58562245]
Expectation Value: 0.12812615
[3.13401336 1.47432134 0.31249965 1.46448809 1.6688515  1.61655343
 1.53533579 1.59775198]
Expectation Value: 0.12836196
[3.16434452 1.47326832 0.29691209 1.47627147 1.66366644 1.59892367
 1.55919972 1.59172353]
Expectation Value: 0.12816405
[3.18415603 1.49986266 0.2455342  1.45325586 1.67426951 1.6189529
 1.5603211  1.60126579]
Expectation Value: 0.12820964
[3.15248748 1.47268267 0.22737156 1.44726814 1.69616999 1.6302916
 1.54874518 1.61265178]
Expectation Value: 0.12818643
[3.15708767 1.48938462 0.25478505 1.47095701 1.66020089 1.63197696
 1.55219022 1.5929025 ]
Expectation Value: 0.12776686
[3.15447213 1.49302001 0.24495114 1.48437152 1.64533081 1.64242548
 1.55495139 1.58445048]
Expectation Value: 0.12760245
[3.15187633 1.48424667 0.23072508 1.45962111 1.66233315 1.60143672
 1.56457641 1.62813109]
Expectation Value: 0.12788822
[3.12456886 1.46888546 0.26928908 1.46920198 1.66439275 1.619886
 1.54373476 1.61013408]
Expectation Value: 0.12798136
[3.14925776 1.49511613 0.29793111 1.48067316 1.63454796 1.60594591
 1.55405808 1.59811867]
Expectation Value: 0.12802226
[3.13362903 1.49999245 0.22864534 1.45277026 1.65977189 1.63906939
 1.54231812 1.6206457 ]
Expectation Value: 0.1279633
[3.14602297 1.49487921 0.29526457 1.50012127 1.62370795 1.59604869
 1.59365447 1.58233483]
Expectation Value: 0.1279195
[3.1274442  1.49846271 0.291485   1.47706546 1.63474125 1.61623836
 1.60201638
 1.57029056 1.60821286]
Expectation Value: 0.12713804
[3.12406745 1.48304056 0.20599942 1.47736249 1.64997685 1.63398524
 1.56074285 1.6174109 ]
Expectation Value: 0.12757027
[3.148631   1.51281001 0.21881903 1.4908738  1.61652808 1.62356996
 1.57531819 1.6072147 ]
Expectation Value: 0.12768535
[3.14332132 1.48490742 0.2570062  1.51683141 1.61033799 1.60051171
 1.58498484 1.59334533]
Expectation Value: 0.12740423
[3.13025197 1.4875277  0.18082237 1.47365793 1.64305944 1.64464816
 1.53148109 1.63440882]